0 0.0 0
1 0.09983341664682815 0
2 0.19866933079506122 0
3 0.29552020666133955 0
4 0.3894183423086505 0
5 0.479425538604203 0
6 0.5646424733950354 0
7 0.644217687237691 0
8 0.7173560908995228 0
9 0.7833269096274834 0
10 0.8414709848078965 0
11 0.8912073600614354 0
12 0.9320390859672263 0
13 0.963558185417193 0
14 0.9854497299884601 0
15 0.9974949866040544 0
16 0.9995736030415051 0
17 0.9916648104524686 0
18 0.9738476308781951 0
19 0.9463000876874145 0
20 0.9092974268256817 0
21 0.8632093666488737 0
22 0.8084964038195901 0
23 0.7457052121767203 0
24 0.675463180551151 0
25 0.5984721441039565 0
26 0.5155013718214642 0
27 0.4273798802338298 0
28 0.3349881501559051 0
29 0.23924932921398243 0
30 0.1411200080598672 0
31 0.04158066243329049 0
32 -0.058374143427580086 0
33 -0.1577456941432482 0
34 -0.2555411020268312 0
35 -0.35078322768961984 0
36 -0.44252044329485246 0
37 -0.5298361409084934 0
38 -0.6118578909427189 0
39 -0.6877661591839738 0
40 -0.7568024953079282 0
41 -0.8182771110644103 0
42 -0.8715757724135882 0
43 -0.9161659367494549 0
44 -0.951602073889516 0
45 -0.977530117665097 0
46 -0.9936910036334644 0
47 -0.9999232575641008 0
48 -0.9961646088358407 0
49 -0.9824526126243325 0
50 -0.9589242746631385 0
51 -0.9258146823277325 0
52 -0.8834546557201531 0
53 -0.8322674422239013 0
54 -0.7727644875559871 0
55 -0.7055403255703919 0
56 -0.6312666378723216 0
57 -0.5506855425976376 0
58 -0.46460217941375737 0
59 -0.373876664830236 0
60 -0.27941549819892586 0
61 -0.18216250427209588 0
62 -0.0830894028174964 0
63 0.016813900484349713 0
64 0.11654920485049364 0
65 0.21511998808781552 0
66 0.31154136351337786 0
67 0.4048499206165983 0
68 0.49411335113860816 0
69 0.5784397643882001 0
70 0.6569865987187891 0
71 0.7289690401258759 0
72 0.7936678638491531 0
73 0.8504366206285644 0
74 0.8987080958116269 0
75 0.9379999767747389 0
76 0.9679196720314863 0
77 0.9881682338770004 0
78 0.998543345374605 0
79 0.998941341839772 0
80 0.9893582466233818 0
81 0.9698898108450863 0
82 0.9407305566797731 0
83 0.9021718337562933 0
84 0.8545989080882804 0
85 0.7984871126234903 0
86 0.7343970978741133 0
87 0.6629692300821833 0
88 0.5849171928917617 0
89 0.5010208564578846 0
90 0.4121184852417566 0
91 0.3190983623493521 0
92 0.22288991410024764 0
93 0.1244544235070617 0
94 0.024775425453357765 0
95 -0.0751511204618093 0
96 -0.17432678122297965 0
97 -0.27176062641094245 0
98 -0.3664791292519284 0
99 -0.45753589377532133 0
100 -0.5440211108893698 0
101 -0.6250706488928821 0
102 -0.6998746875935423 0
103 -0.7676858097635825 0
104 -0.8278264690856537 0
105 -0.87969575997167 0
106 -0.9227754216128066 0
107 -0.9566350162701879 0
108 -0.9809362300664916 0
109 -0.9954362533063774 0
110 -0.9999902065507035 0
111 -0.9945525882039892 0
112 -0.9791777291513174 0
113 -0.954019249902089 0
114 -0.9193285256646757 0
115 -0.8754521746884285 0
116 -0.8228285949687089 0
117 -0.7619835839190333 0
118 -0.6935250847771224 0
119 -0.6181371122370333 0
120 -0.5365729180004349 0
121 -0.44964746453460147 0
122 -0.3582292822368287 0
123 -0.26323179136580094 0
124 -0.1656041754483094 0
125 -0.06632189735120068 0
126 0.033623047221136695 0
127 0.13323204141994222 0
128 0.23150982510153895 0
129 0.32747443913769303 0
130 0.4201670368266409 0
131 0.5086614643723737 0
132 0.592073514707223 0
133 0.6695697621966024 0
134 0.7403758899524486 0
135 0.803784426551621 0
136 0.8591618148564958 0
137 0.9059547423084618 0
138 0.9436956694441048 0
139 0.9720075013949759 0
140 0.9906073556948704 0
141 0.9993093887479176 0
142 0.9980266527163617 0
143 0.9867719642746133 0
144 0.9656577765492774 0
145 0.934895055524683 0
146 0.8947911721405042 0
147 0.8457468311429343 0
148 0.7882520673753163 0
149 0.722881349511976 0
150 0.6502878401571168 0
151 0.5711968696599886 0
152 0.48639868885379967 0
153 0.39674057313061206 0
154 0.30311835674570226 0
155 0.2064674819377966 0
156 0.10775365229944406 0
157 0.007963183785937343 0
158 -0.09190685022768164 0
159 -0.19085858137418937 0
160 -0.2879033166650653 0
161 -0.3820714171840091 0
162 -0.47242198639846616 0
163 -0.5580522712867794 0
164 -0.6381066823479474 0
165 -0.711785342369123 0
166 -0.7783520785342984 0
167 -0.8371417780197468 0
168 -0.8875670335815046 0
169 -0.9291240127343684 0
170 -0.9613974918795568 0
171 -0.9840650050816434 0
172 -0.9969000660415961 0
173 -0.9997744310730111 0
174 -0.9926593804706332 0
175 -0.9756260054681576 0
176 -0.948844497918124 0
177 -0.9125824497911845 0
178 -0.8672021794855813 0
179 -0.8131571116614885 0
180 -0.750987246771676 0
181 -0.6813137655554999 0
182 -0.6048328224062841 0
183 -0.5223085896267315 0
184 -0.43456562207189675 0
185 -0.34248061846961253 0
186 -0.2469736617366209 0
187 -0.1489990258141988 0
188 -0.04953564087836742 0
189 0.05042268780681122 0
190 0.14987720966295234 0
191 0.24783420798295983 0
192 0.3433149288198954 0
193 0.4353653603728932 0
194 0.5230657651576964 0
195 0.605539869719601 0
196 0.6819636200681356 0
197 0.7515734153521483 0
198 0.8136737375071054 0
199 0.8676441006416673 0
200 0.9129452507276277 0
201 0.9491245536478946 0
202 0.9758205177669755 0
203 0.9927664058359071 0
204 0.9997929001426692 0
205 0.9968297942787993 0
206 0.9839066946186161 0
207 0.9611527245021165 0
208 0.9287952340772404 0
209 0.8871575286923511 0
210 0.8366556385360561 0
211 0.7777941618010928 0
212 0.7111612229059824 0
213 0.6374225961502389 0
214 0.5573150535176614 0
215 0.47163900309419615 0
216 0.3812504916549401 0
217 0.28705265132772845 0
218 0.18998667579543774 0
219 0.09102241619984787 0
220 -0.008851309290403876 0
221 -0.10863659542407976 0
222 -0.20733642060675878 0
223 -0.30396460881104703 0
224 -0.3975556831214329 0
225 -0.4871745124605095 0
226 -0.5719256551095638 0
227 -0.6509623056662469 0
228 -0.723494756044245 0
229 -0.7887982859754165 0
230 -0.8462204041751706 0
231 -0.8951873678196818 0
232 -0.9352099151945389 0
233 -0.9658881542360704 0
234 -0.9869155581206487 0
235 -0.9980820279793963 0
236 -0.9992759921366277 0
237 -0.9904855208971565 0
238 -0.9717984457438633 0
239 -0.9434014817545555 0
240 -0.9055783620066239 0
241 -0.8587070026099295 0
242 -0.8032557266939547 0
243 -0.7397785850778934 0
244 -0.6689098203780243 0
245 -0.5913575298651244 0
246 -0.5078965903906221 0
247 -0.41936091607323134 0
248 -0.32663512610472223 0
249 -0.23064570592739567 0
250 -0.13235175009777303 0
251 -0.03273537933084532 0
252 0.06720807252547492 0
253 0.16648000353715925 0
254 0.2640885213844694 0
255 0.3590583540221683 0
256 0.4504405942753893 0
257 0.5373221810064719 0
258 0.6188350221200393 0
259 0.694164668252242 0
260 0.7625584504796027 0
261 0.8233330007380816 0
262 0.8758810798108894 0
263 0.9196776446620198 0
264 0.9542850944926969 0
265 0.979357643103917 0
266 0.9946447738778381 0
267 0.9999937428570207 0
268 0.9953511049115591 0
269 0.9807632477451529 0
270 0.956375928404503 0
271 0.9224328169230858 0
272 0.8792730616507243 0
273 0.8273279005953786 0
274 0.7671163526355301 0
275 0.6992400316550977 0
276 0.6243771354163914 0
277 0.5432756692322479 0
278 0.4567459721441928 0
279 0.36565262028262135 0
280 0.27090578830786904 0
281 0.1734521552458921 0
282 0.07426544558436131 0
283 -0.02566329986055949 0
284 -0.12533562609642912 0
285 -0.22375564018679642 0
286 -0.3199399618841981 0
287 -0.4129275492405401 0
288 -0.5017893010205742 0
289 -0.5856373399742976 0
290 -0.6636338842129675 0
291 -0.7349996180487777 0
292 -0.7990214786596138 0
293 -0.8550597807770702 0
294 -0.9025546082101854 0
295 -0.9410314083429535 0
296 -0.9701057337071853 0
297 -0.9894870832545352 0
298 -0.9989818049469494 0
299 -0.9984950306638146 0
300 -0.9880316240928618 0
301 -0.9676961321338052 0
302 -0.9376917403002811 0
303 -0.8983182425573547 0
304 -0.8499690458793281 0
305 -0.7931272394572851 0
306 -0.7283607678315934 0
307 -0.6563167561777904 0
308 -0.5777150444457317 0
309 -0.4933409949567783 0
310 -0.404037645323065 0
311 -0.3106972850943722 0
312 -0.2142525402958877 0
313 -0.11566705493723693 0
314 -0.0159258626001018 0
315 0.08397445569174683 0
316 0.183035728980588 0
317 0.2802681697690195 0
318 0.374700263649462 0
319 0.46538847635495545 0
320 0.5514266812416906 0
321 0.631955213006885 0
322 0.7061694571803343 0
323 0.7733278895662207 0
324 0.8327594853077798 0
325 0.8838704235458307 0
326 0.9261500206805285 0
327 0.9591758329530804 0
328 0.9826178773641395 0
329 0.9962419287548636 0
330 0.9999118601072672 0
331 0.9935910026803949 0
332 0.9773425123922587 0
333 0.9513287387867827 0
334 0.915809602890819 0
335 0.8711400001691764 0
336 0.8177662545264418 0
337 0.756221658786063 0
338 0.6871211462047443 0
339 0.611155146262596 0
340 0.5290826861200238 0
341 0.4417238066692238 0
342 0.3499513689566622 0
343 0.2546823328440351 0
344 0.15686859504841 0
345 0.057487478104924564 0
346 -0.04246803471695152 0
347 -0.1419992209740017 0
348 -0.24011159795377449 0
349 -0.3358248592171419 0
350 -0.428182669496151 0
351 -0.5162622200799271 0
352 -0.5991834492142653 0
353 -0.6761178353877643 0
354 -0.7462966756449163 0
355 -0.8090187662119065 0
356 -0.863657408692956 0
357 -0.9096666718335282 0
358 -0.9465868462849605 0
359 -0.9740490378683264 0
360 -0.9917788534431158 0
361 -0.9995991425528029 0
362 -0.9974317674536479 0
363 -0.9852983838412038 0
364 -0.9633202244737609 0
365 -0.9317168878547055 0
366 -0.8908041440768614 0
367 -0.8409907797521016 0
368 -0.7827745135506544 0
369 -0.7167370231606575 0
370 -0.6435381333569995 0
371 -0.5639092232502625 0
372 -0.478645918588415 0
373 -0.38860014212734334 0
374 -0.2946716015002576 0
375 -0.19779879963646227 0
376 -0.09894965755028955 0
377 0.0008881568057175921 0
378 0.10071709699250053 0
379 0.1995397052387874 0
380 0.2963685787093853 0
381 0.39023623530794616 0
382 0.480204780438259 0
383 0.5653752781370229 0
384 0.6448967329448673 0
385 0.7179745927716441 0
386 0.783878687798293 0
387 0.8419505260923049 0
388 0.8916098730414407 0
389 0.932360548866189 0
390 0.9637953862840878 0
391 0.985600298790633 0
392 0.9975574189078051 0
393 0.999547275043892 0
394 0.9915499852141411 0
395 0.9736454556949781 0
396 0.9460125826269081 0
397 0.9089274645434138 0
398 0.8627606436856788 0
399 0.8079734036669851 0
400 0.7451131604793488 0
401 0.6748079928938668 0
402 0.5977603669052548 0
403 0.5147401169238381 0
404 0.42657675384457316 0
405 0.33415117684842055 0
406 0.23838687174889206 0
407 0.1402406838270716 0
408 0.040693257349864856 0
409 -0.05926076270338633 0
410 -0.158622668804709 0
411 -0.256399669633018 0
412 -0.3516148097168163 0
413 -0.4433167308503208 0
414 -0.5305891777502036 0
415 -0.6125601529754697 0
416 -0.6884106296376704 0
417 -0.7573827348468307 0
418 -0.8187873221268436 0
419 -0.8720108571392737 0
420 -0.9165215479156338 0
421 -0.9518746583469646 0
422 -0.9777169518400209 0
423 -0.9937902207405457 0
424 -0.9999338662588036 0
425 -0.996086503119594 0
426 -0.9822865729036345 0
427 -0.9586719599519926 0
428 -0.9254786136713307 0
429 -0.8830381910054188 0
430 -0.8317747426285983 0
431 -0.7722004759716072 0
432 -0.7049106374142481 0
433 -0.630577564780328 0
434 -0.5499439695603477 0
435 -0.46381551598382736 0
436 -0.3730527710886221 0
437 -0.27856260621955026 0
438 -0.1812891358696948 0
439 -0.0822042844004434 0
440 0.017701925105413577 0
441 0.11743126282709573 0
442 0.2159872661882241 0
443 0.31238519618149074 0
444 0.40566187655533587 0
445 0.4948853175526281 0
446 0.5791640280442708 0
447 0.6576559230138694 0
448 0.7295767373928534 0
449 0.7942078621778189 0
450 0.8509035245341184 0
451 0.899097240144582 0
452 0.9383074733335544 0
453 0.9681424484121893 0
454 0.988304064171637 0
455 0.9985908724117705 0
456 0.9989000907450211 0
457 0.9892286295640171 0
458 0.9696731229119208 0
459 0.940428962947006 0
460 0.9017883476488092 0
461 0.8541373612725007 0
462 0.7979521167226309 0
463 0.7337939983903741 0
464 0.6623040529862428 0
465 0.5841965844132856 0
466 0.500252016678587 0
467 0.4113090961545671 0
468 0.3182565111024882 0
469 0.22202401219308238 0
470 0.123573122745224 0
471 0.023887531502738858 0
472 -0.07603673605835357 0
473 -0.17520126968714714 0
474 -0.27261525014307375 0
475 -0.36730534913419133 0
476 -0.45832545449176587 0
477 -0.544766123410311 0
478 -0.6257636692994736 0
479 -0.7005087914549692 0
480 -0.7682546613236668 0
481 -0.8283243845676455 0
482 -0.880117764368662 0
483 -0.9231172983963569 0
484 -0.9568933495204878 0
485 -0.981108438603097 0
486 -0.9955206164785154 0
487 -0.9999858814294444 0
488 -0.9944596180045154 0
489 -0.9789970428011298 0
490 -0.9537526527594719 0
491 -0.918978681480152 0
492 -0.8750225789894467 0
493 -0.8223235401334913 0
494 -0.7614081162885409 0
495 -0.6928849542336957 0
496 -0.6174387147534618 0
497 -0.5358232317335149 0
498 -0.4488539801017046 0
499 -0.35739992787211133 0
500 -0.26237485370392877 0
501 -0.1647282167271322 0
502 -0.06543566986070695 0
503 0.03451068858880273 0
504 0.13411222764565714 0
505 0.23237376165548454 0
506 0.3283134938514034 0
507 0.42097282614277115 0
508 0.5094259371104293 0
509 0.5927890325083126 0
510 0.6702291758433747 0
511 0.7409726108017196 0
512 0.8043124923659141 0
513 0.8596159493767461 0
514 0.9063304079726637 0
515 0.9439891127251193 0
516 0.972215790304539 0
517 0.9907284090790484 0
518 0.9993419970813103 0
519 0.9979704901872812 0
520 0.9866275920404853 0
521 0.9654266371297417 0
522 0.9345794583884147 0
523 0.8943942706297692 0
524 0.8452725909664269 0
525 0.7877052269841179 0
526 0.722267372754513 0
527 0.6496128616861957 0
528 0.5704676336373782 0
529 0.48562248156477883 0
530 0.39592515018183416 0
531 0.3022718655737269 0
532 0.20559838040260117 0
533 0.10687062417628851 0
534 0.007075051999930937 0
535 -0.09279121175730869 0
536 -0.19173033639936585 0
537 -0.2887537548977434 0
538 -0.3828920413264772 0
539 -0.47320459704556483 0
540 -0.5587890488516163 0
541 -0.6387902651926438 0
542 -0.712408900359854 0
543 -0.7789093812857372 0
544 -0.8376272571470276 0
545 -0.8879758383376634 0
546 -0.929452058477416 0
547 -0.9616415008848646 0
548 -0.9842225392918875 0
549 -0.996969551427024 0
550 -0.9997551733586199 0
551 -0.9925515720731387 0
552 -0.975430723573431 0
553 -0.9485636937183082 0
554 -0.9122189289890194 0
555 -0.8667595742607592 0
556 -0.812639844379108 0
557 -0.7504004857954386 0
558 -0.6806633736071279 0
559 -0.6041252979871271 0
560 -0.5215510020869119 0
561 -0.43376554097568404 0
562 -0.3416460379628515 0
563 -0.2461129206718663 0
564 -0.14812072443163635 0
565 -0.04864855487508726 0
566 0.051309694960699495 0
567 0.1507552752851691 0
568 0.24869455873205093 0
569 0.3441489683555804 0
570 0.43616475524782494 0
571 0.5238225280825324 0
572 0.6062464393693456 0
573 0.6826129366324043 0
574 0.7521589910744745 0
575 0.8141897215084345 0
576 0.8680853373804215 0
577 0.9133073315121647 0
578 0.9494038606867011 0
579 0.9760142603164502 0
580 0.9928726480845371 0
581 0.9998105805530253 0
582 0.9967587361940652 0
583 0.9837476080276871 0
584 0.9609071989456205 0
585 0.9284657227653786 0
586 0.8867473239932281 0
587 0.8361688390794311 0
588 0.7772356315262265 0
589 0.7105365424627492 0
590 0.6367380071391379 0
591 0.5565773961257936 0
592 0.4708556477503867 0
593 0.38042926538684807 0
594 0.2862017595567536 0
595 0.18911462035089152 0
596 0.09013791037146546 0
597 -0.00973942781276056 0
598 -0.10951945285370121 0
599 -0.20820519572405266 0
600 -0.3048106211022167 0
601 -0.3983704795113227 0
602 -0.4879499517729242 0
603 -0.572653989411214 0
604 -0.6516362576815548 0
605 -0.7241075918674496 0
606 -0.7893438823535511 0
607 -0.8466933096895727 0
608 -0.8955828573547701 0
609 -0.9355240371496152 0
610 -0.9661177700083929 0
611 -0.987058373465322 0
612 -0.9981366159327038 0
613 -0.9992418072737845 0
614 -0.9903629047820123 0
615 -0.9715886235161092 0
616 -0.9431065498885319 0
617 -0.9052012673640456 0
618 -0.8582515129958178 0
619 -0.802726393209964 0
620 -0.7391806966492228 0
621 -0.668249350908215 0
622 -0.5906410785467989 0
623 -0.5071313157685321 0
624 -0.41855446451842543 0
625 -0.32579555541456173 0
626 -0.22978140481468803 0
627 -0.13147135437353982 0
628 -0.03184768561815004 0
629 0.06809419468449814 0
630 0.16735570030280691 0
631 0.26494504308412953 0
632 0.3598871425741427 0
633 0.45123336869842146 0
634 0.5380710201605928 0
635 0.6195324438519512 0
636 0.6948037041545392 0
637 0.7631327155167837 0
638 0.8238367570437177 0
639 0.8763092940185007 0
640 0.9200260381967906 0
641 0.9545501863215905 0
642 0.9795367845170094 0
643 0.9947361749533432 0
644 0.9999964903456066 0
645 0.9952651713612277 0
646 0.980589491775534 0
647 0.9561160861278065 0
648 0.9220894845974522 0
649 0.8788496697392535 0
650 0.8268286794901034 0
651 0.7665462903887128 0
652 0.6986048241402639 0
653 0.6236831294170677 0
654 0.5425297990269575 0
655 0.45595569022148996 0
656 0.36482582287824245 0
657 0.2700507365081657 0
658 0.17257739244581813 0
659 0.07337971212463937 0
660 -0.026551154023966794 0
661 -0.12621672981821014 0
662 -0.22462118976982778 0
663 -0.32078130904314506 0
664 -0.4137362875127194 0
665 -0.5025573497604873 0
666 -0.5863570250928222 0
667 -0.6642980148543038 0
668 -0.7356015584390794 0
669 -0.7995552144094876 0
670 -0.8555199789753223 0
671 -0.9029366707085427 0
672 -0.9413315176992298 0
673 -0.9703208913278909 0
674 -0.9896151393558494 0
675 -0.999021480034635 0
676 -0.9984459283175113 0
677 -0.9878942349269819 0
678 -0.9674718288954816 0
679 -0.9373827641533214 0
680 -0.8979276806892913 0
681 -0.8495008006552435 0
682 -0.7925859894286711 0
683 -0.7277519209898311 0
684 -0.6556463959192523 0
685 -0.5769898687885426 0
686 -0.4925682496163913 0
687 -0.40322505131547626 0
688 -0.3098529615903106 0
689 -0.21338492349669264 0
690 -0.11478481378318722 0
691 -0.015037812153175139 0
692 0.0848594423250458 0
693 0.18390880930634296 0
694 0.28112062025723483 0
695 0.375523566896625 0
696 0.46617440618717204 0
697 0.5521673849078803 0
698 0.6326432896408476 0
699 0.7067980317478022 0
700 0.7738906815578891 0
701 0.8332508714920985 0
702 0.8842854941544844 0
703 0.9264846284651933 0
704 0.9594266346233836 0
705 0.9827823669926928 0
706 0.996318462815671 0
707 0.9998996738972931 0
708 0.9934902179602213 0
709 0.9771541361694929 0
710 0.9510546532543747 0
711 0.9154525466208107 0
712 0.8707035407497848 0
713 0.8172547529159183 0
714 0.7556402257394118 0
715 0.6864755912087755 0
716 0.6104519194894429 0
717 0.5283288139791364 0
718 0.440926821601849 0
719 0.34911923417413226 0
720 0.25382336276203626 0
721 0.1559913722120709 0
722 0.056600767434840576 0
723 -0.04335537350085837 0
724 -0.14287832187593194 0
725 -0.2409736772881011 0
726 -0.3366613033721151 0
727 -0.4289851209982793 0
728 -0.5170226610990435 0
729 -0.5998942816750875 0
730 -0.6767719568873076 0
731 -0.7468875504173764 0
732 -0.8095404904318835 0
733 -0.8641047694644948 0
734 -0.9100351992756844 0
735 -0.9468728581933475 0
736 -0.9742496765064971 0
737 -0.9918921140961229 0
738 -0.9996238935576389 0
739 -0.9973677615064545 0
740 -0.9851462604682474 0
741 -0.9630815036415007 0
742 -0.9313939547827833 0
743 -0.8904002254057892 0
744 -0.8405099113037167 0
745 -0.7822215000035424 0
746 -0.716117390043384 0
747 -0.6428580718388389 0
748 -0.5631755282811168 0
749 -0.4778659210058768 0
750 -0.38778163540943045 0
751 -0.2938227638955397 0
752 -0.19692811244968383 0
753 -0.09806582040002382 0
754 0.001776312910836964 0
755 0.1016006978902495 0
756 0.2004099222810683 0
757 0.2972167169751811 0
758 0.39105382048004866 0
759 0.48098364347589934 0
760 0.5661076368981803 0
761 0.6455752699428805 0
762 0.7185925282891343 0
763 0.7844298476278219 0
764 0.8424294032270538 0
765 0.8920116826993705 0
766 0.9326812762980158 0
767 0.9640318268873361 0
768 0.9857500901289485 0
769 0.9976190643156521 0
770 0.9995201585807313 0
771 0.9914343778187099 0
772 0.9734425124781552 0
773 0.945724331330235 0
774 0.9085567852785591 0
775 0.862311240157329 0
776 0.8074497661666465 0
777 0.7445205210198249 0
778 0.6741522729327462 0
779 0.5970481181796262 0
780 0.5139784559875352 0
781 0.42577329096190625 0
782 0.33331393995491093 0
783 0.23752422623883931 0
784 0.13936124896924576 0
785 0.039805820166669656 0
786 -0.06014733523295702 0
787 -0.15949951834101572 0
788 -0.257258034985328 0
789 -0.35244611438228074 0
790 -0.4441126687075084 0
791 -0.5313417960511413 0
792 -0.6132619318068891 0
793 -0.6890545570574539 0
794 -0.7579623769450643 0
795 -0.8192968873112808 0
796 -0.872445254003028 0
797 -0.9168764361088418 0
798 -0.9521464919441047 0
799 -0.9779030147696511 0
800 -0.9938886539233752 0
801 -0.9999436861830071 0
802 -0.996007611667735 0
803 -0.9821197583330232 0
804 -0.9584188890186744 0
805 -0.9251418149764185 0
806 -0.8826210297301447 0
807 -0.8312813869105229 0
808 -0.7716358552579918 0
809 -0.7042803932086152 0
810 -0.6298879942744539 0
811 -0.5492019627147913 0
812 -0.4630284866857027 0
813 -0.3722285830745313 0
814 -0.2777094945036767 0
815 -0.1804156244623088 0
816 -0.08131910113879019 0
817 0.01858993576280033 0
818 0.11831322817125059 0
819 0.21685437391298126 0
820 0.31322878243308516 0
821 0.40647351249878755 0
822 0.49565689358989423 0
823 0.579887834842624 0
824 0.6583247285350505 0
825 0.7301838591531669 0
826 0.7947472340173191 0
827 0.8513697572276862 0
828 0.8994856752492519 0
829 0.9386142297341663 0
830 0.9683644611001854 0
831 0.9884391148696253 0
832 0.9986376117378207 0
833 0.9988580516952367 0
834 0.9890982321786865 0
835 0.9694556700786149 0
836 0.9401266273825573 0
837 0.9014041501902339 0
838 0.8536751406938125 0
839 0.7974164913790545 0
840 0.7331903200732922 0
841 0.6616383534498556 0
842 0.5834755151072989 0
843 0.4994827822891638 0
844 0.4104993826174394 0
845 0.31741440880766936 0
846 0.22115793514834708 0
847 0.12269172450610251 0
848 0.022999618709098966 0
849 -0.0769222916753969 0
850 -0.1760756199485871 0
851 -0.27346965883011287 0
852 -0.36813127927767236 0
853 -0.4591146536706982 0
854 -0.545510706207386 0
855 -0.6264561960895026 0
856 -0.7011423427391804 0
857 -0.7688229068670624 0
858 -0.828821646648584 0
859 -0.8805390745088115 0
860 -0.9234584470040598 0
861 -0.9571509279516225 0
862 -0.9812798732191279 0
863 -0.9956041943614251 0
864 -0.9999807674966553 0
865 -0.9943658633527529 0
866 -0.9788155841958844 0
867 -0.9534853032751422 0
868 -0.9186281123844159 0
869 -0.8745922930528203 0
870 -0.8218178366308225 0
871 -0.7608320480420697 0
872 -0.6922442771269088 0
873 -0.6167398302202408 0
874 -0.535073122797084 0
875 -0.44806014160260915 0
876 -0.3565702915822329 0
877 -0.2615177090748213 0
878 -0.163852128064609 0
879 -0.06454939075307359 0
880 0.03539830273366068 0
881 0.13499230808060345 0
882 0.23323751490774314 0
883 0.32915228958398285 0
884 0.4217782833859938 0
885 0.5101900080017631 0
886 0.5935040827039738 0
887 0.6708880607981837 0
888 0.741568747154996 0
889 0.8048399237202818 0
890 0.8600694058124533 0
891 0.9067053587028945 0
892 0.9442818113661253 0
893 0.972423312308248 0
894 0.9908486809542003 0
895 0.9993738171110836 0
896 0.9979135404364571 0
897 0.986482441532148 0
898 0.9651947361597926 0
899 0.9342631240346855 0
900 0.8939966636005579 0
901 0.8447976840197418 0
902 0.7871577652331794 0
903 0.7216528262561783 0
904 0.6489373707859244 0
905 0.5697379476169631 0
906 0.48484589120574 0
907 0.3951094149183201 0
908 0.30142513596285736 0
909 0.20472911668674296 0
910 0.10598751175115685 0
911 0.006186914632966696 0
912 -0.09367550009112813 0
913 -0.19260194018330173 0
914 -0.28960396535491445 0
915 -0.38371236343503057 0
916 -0.4739868344181481 0
917 -0.5595253856309882 0
918 -0.6394733441450939 0
919 -0.7130318963862962 0
920 -0.7794660696158047 0
921 -0.8381120755349393 0
922 -0.8883839426383546 0
923 -0.9297793710476092 0
924 -0.9618847513255586 0
925 -0.9843792971250844 0
926 -0.997038250380271 0
927 -0.9997351270146861 0
928 -0.9924429807284667 0
929 -0.9752346722368396 0
930 -0.9482821412699473 0
931 -0.9118546886078871 0
932 -0.8663162853163363 0
933 -0.8121219360680021 0
934 -0.7498131328862885 0
935 -0.6800124447360528 0
936 -0.603417297020244 0
937 -0.5207930031358368 0
938 -0.43296511771538676 0
939 -0.34081118795795157 0
940 -0.24525198546765434 0
941 -0.1472423062080925 0
942 -0.04776143049672075 0
943 0.052196661640330246 0
944 0.15163322198820756 0
945 0.24955471330524379 0
946 0.344982736418755 0
947 0.4369638060661144 0
948 0.5245788778042787 0
949 0.6069525307981571 0
950 0.683261714736121 0
951 0.7527439734767369 0
952 0.814705063258458 0
953 0.868525889353781 0
954 0.9136686918591765 0
955 0.9496824188142243 0
956 0.9762072329637521 0
957 0.9929781071327172 0
958 0.9998274722901326 0
959 0.9966868918434463 0
960 0.9835877454343449 0
961 0.960660915403746 0
962 0.9281354790587077 0
963 0.8863364198077192 0
964 0.8356813800338723 0
965 0.7766764881502719 0
966 0.709911301532188 0
967 0.6360529158546612 0
968 0.5558392996930657 0
969 0.47007192098496936 0
970 0.3796077390275217 0
971 0.2853506420233468 0
972 0.18824241572844258 0
973 0.08925333344026325 0
974 -0.01062753865243582 0
975 -0.11040222389190282 0
976 -0.20907380660436528 0
977 -0.30565639295186264 0
978 -0.39918496165754186 0
979 -0.4887250061793565 0
980 -0.5733818719904229 0
981 -0.6523096956714093 0
982 -0.7247198564981747 0
983 -0.7898888560793348 0
984 -0.8471655473131 0
985 -0.8959776404338033 0
986 -0.9358374211421241 0
987 -0.9663466236851204 0
988 -0.9872004101959753 0
989 -0.9981904165332236 0
990 -0.9992068341863537 0
991 -0.9902395074461606 0
992 -0.9713780348772248 0
993 -0.9428108740786868 0
994 -0.9048234586781893 0
995 -0.857795346373455 0
996 -0.8021964265172008 0
997 -0.7385822251380614 0
998 -0.6675883543081758 0
999 -0.5899241613174027 0
1000 -0.5063656411097588 0
1001 -0.4177476827983737 0
1002 -0.32495572772947895 0
1003 -0.22891692244520673 0
1004 -0.1305908549417222 0
1005 -0.030959966783271346 0
1006 0.06898026312927355 0
1007 0.16823126505448824 0
1008 0.2658013557891272 0
1009 0.3607156472389815 0
1010 0.45202578717835057 0
1011 0.5388194348720935 0
1012 0.6202293768826311 0
1013 0.6954421919799202 0
1014 0.7637063785775808 0
1015 0.82433986348825 0
1016 0.8767368169734758 0
1017 0.9203737059941697 0
1018 0.9548145251796623 0
1019 0.9797151532492829 0
1020 0.9948267913584063 0
1021 0.9999984490142939 0
1022 0.9951784527231691 0
1023 0.9804149622946955 0
