0 0.0 0
1 0.09983341664682815 0
2 0.19866933079506122 0
3 0.29552020666133955 0
4 0.3894183423086505 0
5 0.479425538604203 0
6 0.5646424733950354 0
7 0.644217687237691 0
8 0.7173560908995228 0
9 0.7833269096274834 0
10 0.8414709848078965 0
11 0.8912073600614354 0
12 0.9320390859672263 0
13 0.963558185417193 0
14 0.9854497299884601 0
15 0.9974949866040544 0
16 0.9995736030415051 0
17 0.9916648104524686 0
18 0.9738476308781951 0
19 0.9463000876874145 0
20 0.9092974268256817 0
21 0.8632093666488737 0
22 0.8084964038195901 0
23 0.7457052121767203 0
24 0.675463180551151 0
25 0.5984721441039565 0
26 0.5155013718214642 0
27 0.4273798802338298 0
28 0.3349881501559051 0
29 0.23924932921398243 0
30 0.1411200080598672 0
31 0.04158066243329049 0
32 -0.058374143427580086 0
33 -0.1577456941432482 0
34 -0.2555411020268312 0
35 -0.35078322768961984 0
36 -0.44252044329485246 0
37 -0.5298361409084934 0
38 -0.6118578909427189 0
39 -0.6877661591839738 0
40 -0.7568024953079282 0
41 -0.8182771110644103 0
42 -0.8715757724135882 0
43 -0.9161659367494549 0
44 -0.951602073889516 0
45 -0.977530117665097 0
46 -0.9936910036334644 0
47 -0.9999232575641008 0
48 -0.9961646088358407 0
49 -0.9824526126243325 0
50 -0.9589242746631385 0
51 -0.9258146823277325 0
52 -0.8834546557201531 0
53 -0.8322674422239013 0
54 -0.7727644875559871 0
55 -0.7055403255703919 0
56 -0.6312666378723216 0
57 -0.5506855425976376 0
58 -0.46460217941375737 0
59 -0.373876664830236 0
60 -0.27941549819892586 0
61 -0.18216250427209588 0
62 -0.0830894028174964 0
63 0.016813900484349713 0
64 0.11654920485049364 0
65 0.21511998808781552 0
66 0.31154136351337786 0
67 0.4048499206165983 0
68 0.49411335113860816 0
69 0.5784397643882001 0
70 0.6569865987187891 0
71 0.7289690401258759 0
72 0.7936678638491531 0
73 0.8504366206285644 0
74 0.8987080958116269 0
75 0.9379999767747389 0
76 0.9679196720314863 0
77 0.9881682338770004 0
78 0.998543345374605 0
79 0.998941341839772 0
80 0.9893582466233818 0
81 0.9698898108450863 0
82 0.9407305566797731 0
83 0.9021718337562933 0
84 0.8545989080882804 0
85 0.7984871126234903 0
86 0.7343970978741133 0
87 0.6629692300821833 0
88 0.5849171928917617 0
89 0.5010208564578846 0
90 0.4121184852417566 0
91 0.3190983623493521 0
92 0.22288991410024764 0
93 0.1244544235070617 0
94 0.024775425453357765 0
95 -0.0751511204618093 0
96 -0.17432678122297965 0
97 -0.27176062641094245 0
98 -0.3664791292519284 0
99 -0.45753589377532133 0
100 -0.5440211108893698 0
101 -0.6250706488928821 0
102 -0.6998746875935423 0
103 -0.7676858097635825 0
104 -0.8278264690856537 0
105 -0.87969575997167 0
106 -0.9227754216128066 0
107 -0.9566350162701879 0
108 -0.9809362300664916 0
109 -0.9954362533063774 0
110 -0.9999902065507035 0
111 -0.9945525882039892 0
112 -0.9791777291513174 0
113 -0.954019249902089 0
114 -0.9193285256646757 0
115 -0.8754521746884285 0
116 -0.8228285949687089 0
117 -0.7619835839190333 0
118 -0.6935250847771224 0
119 -0.6181371122370333 0
120 -0.5365729180004349 0
121 -0.44964746453460147 0
122 -0.3582292822368287 0
123 -0.26323179136580094 0
124 -0.1656041754483094 0
125 -0.06632189735120068 0
126 0.033623047221136695 0
127 0.13323204141994222 0
128 0.23150982510153895 0
129 0.32747443913769303 0
130 0.4201670368266409 0
131 0.5086614643723737 0
132 0.592073514707223 0
133 0.6695697621966024 0
134 0.7403758899524486 0
135 0.803784426551621 0
136 0.8591618148564958 0
137 0.9059547423084618 0
138 0.9436956694441048 0
139 0.9720075013949759 0
140 0.9906073556948704 0
141 0.9993093887479176 0
142 0.9980266527163617 0
143 0.9867719642746133 0
144 0.9656577765492774 0
145 0.934895055524683 0
146 0.8947911721405042 0
147 0.8457468311429343 0
148 0.7882520673753163 0
149 0.722881349511976 0
150 0.6502878401571168 0
151 0.5711968696599886 0
152 0.48639868885379967 0
153 0.39674057313061206 0
154 0.30311835674570226 0
155 0.2064674819377966 0
156 0.10775365229944406 0
157 0.007963183785937343 0
158 -0.09190685022768164 0
159 -0.19085858137418937 0
160 -0.2879033166650653 0
161 -0.3820714171840091 0
162 -0.47242198639846616 0
163 -0.5580522712867794 0
164 -0.6381066823479474 0
165 -0.711785342369123 0
166 -0.7783520785342984 0
167 -0.8371417780197468 0
168 -0.8875670335815046 0
169 -0.9291240127343684 0
170 -0.9613974918795568 0
171 -0.9840650050816434 0
172 -0.9969000660415961 0
173 -0.9997744310730111 0
174 -0.9926593804706332 0
175 -0.9756260054681576 0
176 -0.948844497918124 0
177 -0.9125824497911845 0
178 -0.8672021794855813 0
179 -0.8131571116614885 0
180 -0.750987246771676 0
181 -0.6813137655554999 0
182 -0.6048328224062841 0
183 -0.5223085896267315 0
184 -0.43456562207189675 0
185 -0.34248061846961253 0
186 -0.2469736617366209 0
187 -0.1489990258141988 0
188 -0.04953564087836742 0
189 0.05042268780681122 0
190 0.14987720966295234 0
191 0.24783420798295983 0
192 0.3433149288198954 0
193 0.4353653603728932 0
194 0.5230657651576964 0
195 0.605539869719601 0
196 0.6819636200681356 0
197 0.7515734153521483 0
198 0.8136737375071054 0
199 0.8676441006416673 0
200 0.9129452507276277 0
201 0.9491245536478946 0
202 0.9758205177669755 0
203 0.9927664058359071 0
204 0.9997929001426692 0
205 0.9968297942787993 0
206 0.9839066946186161 0
207 0.9611527245021165 0
208 0.9287952340772404 0
209 0.8871575286923511 0
210 0.8366556385360561 0
211 0.7777941618010928 0
212 0.7111612229059824 0
213 0.6374225961502389 0
214 0.5573150535176614 0
215 0.47163900309419615 0
216 0.3812504916549401 0
217 0.28705265132772845 0
218 0.18998667579543774 0
219 0.09102241619984787 0
220 -0.008851309290403876 0
221 -0.10863659542407976 0
222 -0.20733642060675878 0
223 -0.30396460881104703 0
224 -0.3975556831214329 0
225 -0.4871745124605095 0
226 -0.5719256551095638 0
227 -0.6509623056662469 0
228 -0.723494756044245 0
229 -0.7887982859754165 0
230 -0.8462204041751706 0
231 -0.8951873678196818 0
232 -0.9352099151945389 0
233 -0.9658881542360704 0
234 -0.9869155581206487 0
235 -0.9980820279793963 0
236 -0.9992759921366277 0
237 -0.9904855208971565 0
238 -0.9717984457438633 0
239 -0.9434014817545555 0
240 -0.9055783620066239 0
241 -0.8587070026099295 0
242 -0.8032557266939547 0
243 -0.7397785850778934 0
244 -0.6689098203780243 0
245 -0.5913575298651244 0
246 -0.5078965903906221 0
247 -0.41936091607323134 0
248 -0.32663512610472223 0
249 -0.23064570592739567 0
250 -0.13235175009777303 0
251 -0.03273537933084532 0
252 0.06720807252547492 0
253 0.16648000353715925 0
254 0.2640885213844694 0
255 0.3590583540221683 0
256 0.4504405942753893 0
257 0.5373221810064719 0
258 0.6188350221200393 0
259 0.694164668252242 0
260 0.7625584504796027 0
261 0.8233330007380816 0
262 0.8758810798108894 0
263 0.9196776446620198 0
264 0.9542850944926969 0
265 0.979357643103917 0
266 0.9946447738778381 0
267 0.9999937428570207 0
268 0.9953511049115591 0
269 0.9807632477451529 0
270 0.956375928404503 0
271 0.9224328169230858 0
272 0.8792730616507243 0
273 0.8273279005953786 0
274 0.7671163526355301 0
275 0.6992400316550977 0
276 0.6243771354163914 0
277 0.5432756692322479 0
278 0.4567459721441928 0
279 0.36565262028262135 0
280 0.27090578830786904 0
281 0.1734521552458921 0
282 0.07426544558436131 0
283 -0.02566329986055949 0
284 -0.12533562609642912 0
285 -0.22375564018679642 0
286 -0.3199399618841981 0
287 -0.4129275492405401 0
288 -0.5017893010205742 0
289 -0.5856373399742976 0
290 -0.6636338842129675 0
291 -0.7349996180487777 0
292 -0.7990214786596138 0
293 -0.8550597807770702 0
294 -0.9025546082101854 0
295 -0.9410314083429535 0
296 -0.9701057337071853 0
297 -0.9894870832545352 0
298 -0.9989818049469494 0
299 -0.9984950306638146 0
300 -0.9880316240928618 0
301 -0.9676961321338052 0
302 -0.9376917403002811 0
303 -0.8983182425573547 0
304 -0.8499690458793281 0
305 -0.7931272394572851 0
306 -0.7283607678315934 0
307 -0.6563167561777904 0
308 -0.5777150444457317 0
309 -0.4933409949567783 0
310 -0.404037645323065 0
311 -0.3106972850943722 0
312 -0.2142525402958877 0
313 -0.11566705493723693 0
314 -0.0159258626001018 0
315 0.08397445569174683 0
316 0.183035728980588 0
317 0.2802681697690195 0
318 0.374700263649462 0
319 0.46538847635495545 0
320 0.5514266812416906 0
321 0.631955213006885 0
322 0.7061694571803343 0
323 0.7733278895662207 0
324 0.8327594853077798 0
325 0.8838704235458307 0
326 0.9261500206805285 0
327 0.9591758329530804 0
328 0.9826178773641395 0
329 0.9962419287548636 0
330 0.9999118601072672 0
331 0.9935910026803949 0
332 0.9773425123922587 0
333 0.9513287387867827 0
334 0.915809602890819 0
335 0.8711400001691764 0
336 0.8177662545264418 0
337 0.756221658786063 0
338 0.6871211462047443 0
339 0.611155146262596 0
340 0.5290826861200238 0
341 0.4417238066692238 0
342 0.3499513689566622 0
343 0.2546823328440351 0
344 0.15686859504841 0
345 0.057487478104924564 0
346 -0.04246803471695152 0
347 -0.1419992209740017 0
348 -0.24011159795377449 0
349 -0.3358248592171419 0
350 -0.428182669496151 0
351 -0.5162622200799271 0
352 -0.5991834492142653 0
353 -0.6761178353877643 0
354 -0.7462966756449163 0
355 -0.8090187662119065 0
356 -0.863657408692956 0
357 -0.9096666718335282 0
358 -0.9465868462849605 0
359 -0.9740490378683264 0
360 -0.9917788534431158 0
361 -0.9995991425528029 0
362 -0.9974317674536479 0
363 -0.9852983838412038 0
364 -0.9633202244737609 0
365 -0.9317168878547055 0
366 -0.8908041440768614 0
367 -0.8409907797521016 0
368 -0.7827745135506544 0
369 -0.7167370231606575 0
370 -0.6435381333569995 0
371 -0.5639092232502625 0
372 -0.478645918588415 0
373 -0.38860014212734334 0
374 -0.2946716015002576 0
375 -0.19779879963646227 0
376 -0.09894965755028955 0
377 0.0008881568057175921 0
378 0.10071709699250053 0
379 0.1995397052387874 0
380 0.2963685787093853 0
381 0.39023623530794616 0
382 0.480204780438259 0
383 0.5653752781370229 0
384 0.6448967329448673 0
385 0.7179745927716441 0
386 0.783878687798293 0
387 0.8419505260923049 0
388 0.8916098730414407 0
389 0.932360548866189 0
390 0.9637953862840878 0
391 0.985600298790633 0
392 0.9975574189078051 0
393 0.999547275043892 0
394 0.9915499852141411 0
395 0.9736454556949781 0
396 0.9460125826269081 0
397 0.9089274645434138 0
398 0.8627606436856788 0
399 0.8079734036669851 0
400 0.7451131604793488 0
401 0.6748079928938668 0
402 0.5977603669052548 0
403 0.5147401169238381 0
404 0.42657675384457316 0
405 0.33415117684842055 0
406 0.23838687174889206 0
407 0.1402406838270716 0
408 0.040693257349864856 0
409 -0.05926076270338633 0
410 -0.158622668804709 0
411 -0.256399669633018 0
412 -0.3516148097168163 0
413 -0.4433167308503208 0
414 -0.5305891777502036 0
415 -0.6125601529754697 0
416 -0.6884106296376704 0
417 -0.7573827348468307 0
418 -0.8187873221268436 0
419 -0.8720108571392737 0
420 -0.9165215479156338 0
421 -0.9518746583469646 0
422 -0.9777169518400209 0
423 -0.9937902207405457 0
424 -0.9999338662588036 0
425 -0.996086503119594 0
426 -0.9822865729036345 0
427 -0.9586719599519926 0
428 -0.9254786136713307 0
429 -0.8830381910054188 0
430 -0.8317747426285983 0
431 -0.7722004759716072 0
432 -0.7049106374142481 0
433 -0.630577564780328 0
434 -0.5499439695603477 0
435 -0.46381551598382736 0
436 -0.3730527710886221 0
437 -0.27856260621955026 0
438 -0.1812891358696948 0
439 -0.0822042844004434 0
440 0.017701925105413577 0
441 0.11743126282709573 0
442 0.2159872661882241 0
443 0.31238519618149074 0
444 0.40566187655533587 0
445 0.4948853175526281 0
446 0.5791640280442708 0
447 0.6576559230138694 0
448 0.7295767373928534 0
449 0.7942078621778189 0
450 0.8509035245341184 0
451 0.899097240144582 0
452 0.9383074733335544 0
453 0.9681424484121893 0
454 0.988304064171637 0
455 0.9985908724117705 0
456 0.9989000907450211 0
457 0.9892286295640171 0
458 0.9696731229119208 0
459 0.940428962947006 0
460 0.9017883476488092 0
461 0.8541373612725007 0
462 0.7979521167226309 0
463 0.7337939983903741 0
464 0.6623040529862428 0
465 0.5841965844132856 0
466 0.500252016678587 0
467 0.4113090961545671 0
468 0.3182565111024882 0
469 0.22202401219308238 0
470 0.123573122745224 0
471 0.023887531502738858 0
472 -0.07603673605835357 0
473 -0.17520126968714714 0
474 -0.27261525014307375 0
475 -0.36730534913419133 0
476 -0.45832545449176587 0
477 -0.544766123410311 0
478 -0.6257636692994736 0
479 -0.7005087914549692 0
480 -0.7682546613236668 0
481 -0.8283243845676455 0
482 -0.880117764368662 0
483 -0.9231172983963569 0
484 -0.9568933495204878 0
485 -0.981108438603097 0
486 -0.9955206164785154 0
487 -0.9999858814294444 0
488 -0.9944596180045154 0
489 -0.9789970428011298 0
490 -0.9537526527594719 0
491 -0.918978681480152 0
492 -0.8750225789894467 0
493 -0.8223235401334913 0
494 -0.7614081162885409 0
495 -0.6928849542336957 0
496 -0.6174387147534618 0
497 -0.5358232317335149 0
498 -0.4488539801017046 0
499 -0.35739992787211133 0
500 -0.26237485370392877 0
501 -0.1647282167271322 0
502 -0.06543566986070695 0
503 0.03451068858880273 0
504 0.13411222764565714 0
505 0.23237376165548454 0
506 0.3283134938514034 0
507 0.42097282614277115 0
508 0.5094259371104293 0
509 0.5927890325083126 0
510 0.6702291758433747 0
511 0.7409726108017196 0
512 0.8043124923659141 0
513 0.8596159493767461 0
514 0.9063304079726637 0
515 0.9439891127251193 0
516 0.972215790304539 0
517 0.9907284090790484 0
518 0.9993419970813103 0
519 0.9979704901872812 0
520 0.9866275920404853 0
521 0.9654266371297417 0
522 0.9345794583884147 0
523 0.8943942706297692 0
524 0.8452725909664269 0
525 0.7877052269841179 0
526 0.722267372754513 0
527 0.6496128616861957 0
528 0.5704676336373782 0
529 0.48562248156477883 0
530 0.39592515018183416 0
531 0.3022718655737269 0
532 0.20559838040260117 0
533 0.10687062417628851 0
534 0.007075051999930937 0
535 -0.09279121175730869 0
536 -0.19173033639936585 0
537 -0.2887537548977434 0
538 -0.3828920413264772 0
539 -0.47320459704556483 0
540 -0.5587890488516163 0
541 -0.6387902651926438 0
542 -0.712408900359854 0
543 -0.7789093812857372 0
544 -0.8376272571470276 0
545 -0.8879758383376634 0
546 -0.929452058477416 0
547 -0.9616415008848646 0
548 -0.9842225392918875 0
549 -0.996969551427024 0
550 -0.9997551733586199 0
551 -0.9925515720731387 0
552 -0.975430723573431 0
553 -0.9485636937183082 0
554 -0.9122189289890194 0
555 -0.8667595742607592 0
556 -0.812639844379108 0
557 -0.7504004857954386 0
558 -0.6806633736071279 0
559 -0.6041252979871271 0
560 -0.5215510020869119 0
561 -0.43376554097568404 0
562 -0.3416460379628515 0
563 -0.2461129206718663 0
564 -0.14812072443163635 0
565 -0.04864855487508726 0
566 0.051309694960699495 0
567 0.1507552752851691 0
568 0.24869455873205093 0
569 0.3441489683555804 0
570 0.43616475524782494 0
571 0.5238225280825324 0
572 0.6062464393693456 0
573 0.6826129366324043 0
574 0.7521589910744745 0
575 0.8141897215084345 0
576 0.8680853373804215 0
577 0.9133073315121647 0
578 0.9494038606867011 0
579 0.9760142603164502 0
580 0.9928726480845371 0
581 0.9998105805530253 0
582 0.9967587361940652 0
583 0.9837476080276871 0
584 0.9609071989456205 0
585 0.9284657227653786 0
586 0.8867473239932281 0
587 0.8361688390794311 0
588 0.7772356315262265 0
589 0.7105365424627492 0
590 0.6367380071391379 0
591 0.5565773961257936 0
592 0.4708556477503867 0
593 0.38042926538684807 0
594 0.2862017595567536 0
595 0.18911462035089152 0
596 0.09013791037146546 0
597 -0.00973942781276056 0
598 -0.10951945285370121 0
599 -0.20820519572405266 0
600 -0.3048106211022167 0
601 -0.3983704795113227 0
602 -0.4879499517729242 0
603 -0.572653989411214 0
604 -0.6516362576815548 0
605 -0.7241075918674496 0
606 -0.7893438823535511 0
607 -0.8466933096895727 0
608 -0.8955828573547701 0
609 -0.9355240371496152 0
610 -0.9661177700083929 0
611 -0.987058373465322 0
612 -0.9981366159327038 0
613 -0.9992418072737845 0
614 -0.9903629047820123 0
615 -0.9715886235161092 0
616 -0.9431065498885319 0
617 -0.9052012673640456 0
618 -0.8582515129958178 0
619 -0.802726393209964 0
620 -0.7391806966492228 0
621 -0.668249350908215 0
622 -0.5906410785467989 0
623 -0.5071313157685321 0
624 -0.41855446451842543 0
625 -0.32579555541456173 0
626 -0.22978140481468803 0
627 -0.13147135437353982 0
628 -0.03184768561815004 0
629 0.06809419468449814 0
630 0.16735570030280691 0
631 0.26494504308412953 0
632 0.3598871425741427 0
633 0.45123336869842146 0
634 0.5380710201605928 0
635 0.6195324438519512 0
636 0.6948037041545392 0
637 0.7631327155167837 0
638 0.8238367570437177 0
639 0.8763092940185007 0
640 0.9200260381967906 0
641 0.9545501863215905 0
642 0.9795367845170094 0
643 0.9947361749533432 0
644 0.9999964903456066 0
645 0.9952651713612277 0
646 0.980589491775534 0
647 0.9561160861278065 0
648 0.9220894845974522 0
649 0.8788496697392535 0
650 0.8268286794901034 0
651 0.7665462903887128 0
652 0.6986048241402639 0
653 0.6236831294170677 0
654 0.5425297990269575 0
655 0.45595569022148996 0
656 0.36482582287824245 0
657 0.2700507365081657 0
658 0.17257739244581813 0
659 0.07337971212463937 0
660 -0.026551154023966794 0
661 -0.12621672981821014 0
662 -0.22462118976982778 0
663 -0.32078130904314506 0
664 -0.4137362875127194 0
665 -0.5025573497604873 0
666 -0.5863570250928222 0
667 -0.6642980148543038 0
668 -0.7356015584390794 0
669 -0.7995552144094876 0
670 -0.8555199789753223 0
671 -0.9029366707085427 0
672 -0.9413315176992298 0
673 -0.9703208913278909 0
674 -0.9896151393558494 0
675 -0.999021480034635 0
676 -0.9984459283175113 0
677 -0.9878942349269819 0
678 -0.9674718288954816 0
679 -0.9373827641533214 0
680 -0.8979276806892913 0
681 -0.8495008006552435 0
682 -0.7925859894286711 0
683 -0.7277519209898311 0
684 -0.6556463959192523 0
685 -0.5769898687885426 0
686 -0.4925682496163913 0
687 -0.40322505131547626 0
688 -0.3098529615903106 0
689 -0.21338492349669264 0
690 -0.11478481378318722 0
691 -0.015037812153175139 0
692 0.0848594423250458 0
693 0.18390880930634296 0
694 0.28112062025723483 0
695 0.375523566896625 0
696 0.46617440618717204 0
697 0.5521673849078803 0
698 0.6326432896408476 0
699 0.7067980317478022 0
700 0.7738906815578891 0
701 0.8332508714920985 0
702 0.8842854941544844 0
703 0.9264846284651933 0
704 0.9594266346233836 0
705 0.9827823669926928 0
706 0.996318462815671 0
707 0.9998996738972931 0
708 0.9934902179602213 0
709 0.9771541361694929 0
710 0.9510546532543747 0
711 0.9154525466208107 0
712 0.8707035407497848 0
713 0.8172547529159183 0
714 0.7556402257394118 0
715 0.6864755912087755 0
716 0.6104519194894429 0
717 0.5283288139791364 0
718 0.440926821601849 0
719 0.34911923417413226 0
720 0.25382336276203626 0
721 0.1559913722120709 0
722 0.056600767434840576 0
723 -0.04335537350085837 0
724 -0.14287832187593194 0
725 -0.2409736772881011 0
726 -0.3366613033721151 0
727 -0.4289851209982793 0
728 -0.5170226610990435 0
729 -0.5998942816750875 0
730 -0.6767719568873076 0
731 -0.7468875504173764 0
732 -0.8095404904318835 0
733 -0.8641047694644948 0
734 -0.9100351992756844 0
735 -0.9468728581933475 0
736 -0.9742496765064971 0
737 -0.9918921140961229 0
738 -0.9996238935576389 0
739 -0.9973677615064545 0
740 -0.9851462604682474 0
741 -0.9630815036415007 0
742 -0.9313939547827833 0
743 -0.8904002254057892 0
744 -0.8405099113037167 0
745 -0.7822215000035424 0
746 -0.716117390043384 0
747 -0.6428580718388389 0
748 -0.5631755282811168 0
749 -0.4778659210058768 0
750 -0.38778163540943045 0
751 -0.2938227638955397 0
752 -0.19692811244968383 0
753 -0.09806582040002382 0
754 0.001776312910836964 0
755 0.1016006978902495 0
756 0.2004099222810683 0
757 0.2972167169751811 0
758 0.39105382048004866 0
759 0.48098364347589934 0
760 0.5661076368981803 0
761 0.6455752699428805 0
762 0.7185925282891343 0
763 0.7844298476278219 0
764 0.8424294032270538 0
765 0.8920116826993705 0
766 0.9326812762980158 0
767 0.9640318268873361 0
768 0.9857500901289485 0
769 0.9976190643156521 0
770 0.9995201585807313 0
771 0.9914343778187099 0
772 0.9734425124781552 0
773 0.945724331330235 0
774 0.9085567852785591 0
775 0.862311240157329 0
776 0.8074497661666465 0
777 0.7445205210198249 0
778 0.6741522729327462 0
779 0.5970481181796262 0
780 0.5139784559875352 0
781 0.42577329096190625 0
782 0.33331393995491093 0
783 0.23752422623883931 0
784 0.13936124896924576 0
785 0.039805820166669656 0
786 -0.06014733523295702 0
787 -0.15949951834101572 0
788 -0.257258034985328 0
789 -0.35244611438228074 0
790 -0.4441126687075084 0
791 -0.5313417960511413 0
792 -0.6132619318068891 0
793 -0.6890545570574539 0
794 -0.7579623769450643 0
795 -0.8192968873112808 0
796 -0.872445254003028 0
797 -0.9168764361088418 0
798 -0.9521464919441047 0
799 -0.9779030147696511 0
800 -0.9938886539233752 0
801 -0.9999436861830071 0
802 -0.996007611667735 0
803 -0.9821197583330232 0
804 -0.9584188890186744 0
805 -0.9251418149764185 0
806 -0.8826210297301447 0
807 -0.8312813869105229 0
808 -0.7716358552579918 0
809 -0.7042803932086152 0
810 -0.6298879942744539 0
811 -0.5492019627147913 0
812 -0.4630284866857027 0
813 -0.3722285830745313 0
814 -0.2777094945036767 0
815 -0.1804156244623088 0
816 -0.08131910113879019 0
817 0.01858993576280033 0
818 0.11831322817125059 0
819 0.21685437391298126 0
820 0.31322878243308516 0
821 0.40647351249878755 0
822 0.49565689358989423 0
823 0.579887834842624 0
824 0.6583247285350505 0
825 0.7301838591531669 0
826 0.7947472340173191 0
827 0.8513697572276862 0
828 0.8994856752492519 0
829 0.9386142297341663 0
830 0.9683644611001854 0
831 0.9884391148696253 0
832 0.9986376117378207 0
833 0.9988580516952367 0
834 0.9890982321786865 0
835 0.9694556700786149 0
836 0.9401266273825573 0
837 0.9014041501902339 0
838 0.8536751406938125 0
839 0.7974164913790545 0
840 0.7331903200732922 0
841 0.6616383534498556 0
842 0.5834755151072989 0
843 0.4994827822891638 0
844 0.4104993826174394 0
845 0.31741440880766936 0
846 0.22115793514834708 0
847 0.12269172450610251 0
848 0.022999618709098966 0
849 -0.0769222916753969 0
850 -0.1760756199485871 0
851 -0.27346965883011287 0
852 -0.36813127927767236 0
853 -0.4591146536706982 0
854 -0.545510706207386 0
855 -0.6264561960895026 0
856 -0.7011423427391804 0
857 -0.7688229068670624 0
858 -0.828821646648584 0
859 -0.8805390745088115 0
860 -0.9234584470040598 0
861 -0.9571509279516225 0
862 -0.9812798732191279 0
863 -0.9956041943614251 0
864 -0.9999807674966553 0
865 -0.9943658633527529 0
866 -0.9788155841958844 0
867 -0.9534853032751422 0
868 -0.9186281123844159 0
869 -0.8745922930528203 0
870 -0.8218178366308225 0
871 -0.7608320480420697 0
872 -0.6922442771269088 0
873 -0.6167398302202408 0
874 -0.535073122797084 0
875 -0.44806014160260915 0
876 -0.3565702915822329 0
877 -0.2615177090748213 0
878 -0.163852128064609 0
879 -0.06454939075307359 0
880 0.03539830273366068 0
881 0.13499230808060345 0
882 0.23323751490774314 0
883 0.32915228958398285 0
884 0.4217782833859938 0
885 0.5101900080017631 0
886 0.5935040827039738 0
887 0.6708880607981837 0
888 0.741568747154996 0
889 0.8048399237202818 0
890 0.8600694058124533 0
891 0.9067053587028945 0
892 0.9442818113661253 0
893 0.972423312308248 0
894 0.9908486809542003 0
895 0.9993738171110836 0
896 0.9979135404364571 0
897 0.986482441532148 0
898 0.9651947361597926 0
899 0.9342631240346855 0
900 0.8939966636005579 0
901 0.8447976840197418 0
902 0.7871577652331794 0
903 0.7216528262561783 0
904 0.6489373707859244 0
905 0.5697379476169631 0
906 0.48484589120574 0
907 0.3951094149183201 0
908 0.30142513596285736 0
909 0.20472911668674296 0
910 0.10598751175115685 0
911 0.006186914632966696 0
912 -0.09367550009112813 0
913 -0.19260194018330173 0
914 -0.28960396535491445 0
915 -0.38371236343503057 0
916 -0.4739868344181481 0
917 -0.5595253856309882 0
918 -0.6394733441450939 0
919 -0.7130318963862962 0
920 -0.7794660696158047 0
921 -0.8381120755349393 0
922 -0.8883839426383546 0
923 -0.9297793710476092 0
924 -0.9618847513255586 0
925 -0.9843792971250844 0
926 -0.997038250380271 0
927 -0.9997351270146861 0
928 -0.9924429807284667 0
929 -0.9752346722368396 0
930 -0.9482821412699473 0
931 -0.9118546886078871 0
932 -0.8663162853163363 0
933 -0.8121219360680021 0
934 -0.7498131328862885 0
935 -0.6800124447360528 0
936 -0.603417297020244 0
937 -0.5207930031358368 0
938 -0.43296511771538676 0
939 -0.34081118795795157 0
940 -0.24525198546765434 0
941 -0.1472423062080925 0
942 -0.04776143049672075 0
943 0.052196661640330246 0
944 0.15163322198820756 0
945 0.24955471330524379 0
946 0.344982736418755 0
947 0.4369638060661144 0
948 0.5245788778042787 0
949 0.6069525307981571 0
950 0.683261714736121 0
951 0.7527439734767369 0
952 0.814705063258458 0
953 0.868525889353781 0
954 0.9136686918591765 0
955 0.9496824188142243 0
956 0.9762072329637521 0
957 0.9929781071327172 0
958 0.9998274722901326 0
959 0.9966868918434463 0
960 0.9835877454343449 0
961 0.960660915403746 0
962 0.9281354790587077 0
963 0.8863364198077192 0
964 0.8356813800338723 0
965 0.7766764881502719 0
966 0.709911301532188 0
967 0.6360529158546612 0
968 0.5558392996930657 0
969 0.47007192098496936 0
970 0.3796077390275217 0
971 0.2853506420233468 0
972 0.18824241572844258 0
973 0.08925333344026325 0
974 -0.01062753865243582 0
975 -0.11040222389190282 0
976 -0.20907380660436528 0
977 -0.30565639295186264 0
978 -0.39918496165754186 0
979 -0.4887250061793565 0
980 -0.5733818719904229 0
981 -0.6523096956714093 0
982 -0.7247198564981747 0
983 -0.7898888560793348 0
984 -0.8471655473131 0
985 -0.8959776404338033 0
986 -0.9358374211421241 0
987 -0.9663466236851204 0
988 -0.9872004101959753 0
989 -0.9981904165332236 0
990 -0.9992068341863537 0
991 -0.9902395074461606 0
992 -0.9713780348772248 0
993 -0.9428108740786868 0
994 -0.9048234586781893 0
995 -0.857795346373455 0
996 -0.8021964265172008 0
997 -0.7385822251380614 0
998 -0.6675883543081758 0
999 -0.5899241613174027 0
1000 -0.5063656411097588 0
1001 -0.4177476827983737 0
1002 -0.32495572772947895 0
1003 -0.22891692244520673 0
1004 -0.1305908549417222 0
1005 -0.030959966783271346 0
1006 0.06898026312927355 0
1007 0.16823126505448824 0
1008 0.2658013557891272 0
1009 0.3607156472389815 0
1010 0.45202578717835057 0
1011 0.5388194348720935 0
1012 0.6202293768826311 0
1013 0.6954421919799202 0
1014 0.7637063785775808 0
1015 0.82433986348825 0
1016 0.8767368169734758 0
1017 0.9203737059941697 0
1018 0.9548145251796623 0
1019 0.9797151532492829 0
1020 0.9948267913584063 0
1021 0.9999984490142939 0
1022 0.9951784527231691 0
1023 0.9804149622946955 0
1024 0.955855489645069 0
1025 0.9217454249067293 0
1026 0.8784255845712508 0
1027 0.8263288061636221 0
1028 0.7659756234728017 0
1029 0.6979690655501095 0
1030 0.6229886314423488 0
1031 0.5417835008618791 0
1032 0.4551650486306003 0
1033 0.36399873769097824 0
1034 0.2691954716863202 0
1035 0.17170249351277814 0
1036 0.07249392078135491 0
1037 -0.027438987243225518 0
1038 -0.12709773397738078 0
1039 -0.22548656216657315 0
1040 -0.32162240316253093 0
1041 -0.4145446994203208 0
1042 -0.5033250020717746 0
1043 -0.5870762476796401 0
1044 -0.6649616214823083 0
1045 -0.7362029185702026 0
1046 -0.8000883194520741 0
1047 -0.8559795023200245 0
1048 -0.9033180209499903 0
1049 -0.9416308845118677 0
1050 -0.9705352835374847 0
1051 -0.9897424148263075 0
1052 -0.9990603670715322 0
1053 -0.9983960383744275 0
1054 -0.9877560664877367 0
1055 -0.9672467624934477 0
1056 -0.9370730485775958 0
1057 -0.8975364105155184 0
1058 -0.8490318853256678 0
1059 -0.792044114190263 0
1060 -0.7271425000808526 0
1061 -0.6549755184719889 0
1062 -0.5762642379886634 0
1063 -0.49179511572699774 0
1064 -0.4024121392348271 0
1065 -0.30900839366720273 0
1066 -0.2125171383746505 0
1067 -0.11390248208427102 0
1068 -0.014149749844074282 0
1069 0.08574436201929315 0
1070 0.18478174456066745 0
1071 0.28197284899111563 0
1072 0.3763465739222897 0
1073 0.4669599682904565 0
1074 0.5529076530119208 0
1075 0.6333308672314487 0
1076 0.7074260487769515 0
1077 0.7744528630870461 0
1078 0.8337416003892464 0
1079 0.8846998672186963 0
1080 0.926818505417785 0
1081 0.9596766794762059 0
1082 0.9829460813802383 0
1083 0.9963942109578918 0
1084 0.9998866989437912 0
1085 0.9933886495524434 0
1086 0.9769649891453983 0
1087 0.9507798175084985 0
1088 0.91509476822108 0
1089 0.8702663944997041 0
1090 0.8167426066363169 0
1091 0.7550581966266318 0
1092 0.6858294947053 0
1093 0.6097482111779727 0
1094 0.527574525080505 0
1095 0.44012948872139646 0
1096 0.34828682399845023 0
1097 0.2529641924584155 0
1098 0.1551140263261945 0
1099 0.05571401211678827 0
1100 -0.044242678085070965 0
1101 -0.1437573100721892 0
1102 -0.24183556653692886 0
1103 -0.33749748196102775 0
1104 -0.42978723410722025 0
1105 -0.5177826942789717 0
1106 -0.6006046409256912 0
1107 -0.6774255445337909 0
1108 -0.7474778360280117 0
1109 -0.8100615760679718 0
1110 -0.8645514486106083 0
1111 -0.9104030088614418 0
1112 -0.9471581231869611 0
1113 -0.974449546634441 0
1114 -0.9920045923221471 0
1115 -0.9996478560364893 0
1116 -0.9973029688129642 0
1117 -0.9849933599895903 0
1118 -0.9628420231087184 0
1119 -0.9310702870061974 0
1120 -0.8899956043668333 0
1121 -0.8400283798420696 0
1122 -0.7816678694223804 0
1123 -0.715497192036476 0
1124 -0.6421775032196596 0
1125 -0.562441389066343 0
1126 -0.47708554647188084 0
1127 -0.38696282280057365 0
1128 -0.29297369451675875 0
1129 -0.1960572699215465 0
1130 -0.09718190589320902 0
1131 0.002664467614746237 0
1132 0.10248421864306498 0
1133 0.20127998123546678 0
1134 0.2980646207896934 0
1135 0.39187109718004004 0
1136 0.48176212710272676 0
1137 0.5668395491008017 0
1138 0.646253297696493 0
1139 0.7192098969645497 0
1140 0.7849803886813105 0
1141 0.8429076158343863 0
1142 0.8924127887182657 0
1143 0.9330012680097132 0
1144 0.9642675070404277 0
1145 0.98589910388525 0
1146 0.997679922778967 0
1147 0.9994922536734132 0
1148 0.9913179883573677 0
1149 0.9732388013878134 0
1150 0.9454353340247703 0
1151 0.9081853893235238 0
1152 0.8618611564183268 0
1153 0.8069254917316258 0
1154 0.7439272942656381 0
1155 0.6734960211850264 0
1156 0.5963353984889201 0
1157 0.5132163896133758 0
1158 0.42496949221961 0
1159 0.33247644013581024 0
1160 0.23666139336428604 0
1161 0.13848170418012187 0
1162 0.03891835158374123 0
1163 -0.0610338603169534 0
1164 -0.160376242060487 0
1165 -0.2581161974066756 0
1166 -0.353277141030248 0
1167 -0.44490825623855607 0
1168 -0.5320939952176322 0
1169 -0.6139632268833958 0
1170 -0.689697940935389 0
1171 -0.7585414211453849 0
1172 -0.8198058062157622 0
1173 -0.8728789626621934 0
1174 -0.9172306010491341 0
1175 -0.9524175744665119 0
1176 -0.9780883063072141 0
1177 -0.9939863031043058 0
1178 -0.9999527173289652 0
1179 -0.9959279345424954 0
1180 -0.9819521690440836 0
1181 -0.9581650620628162 0
1182 -0.9248042865086724 0
1183 -0.8822031722233925 0
1184 -0.8307873754588468 0
1185 -0.7710706258605184 0
1186 -0.7036495934506543 0
1187 -0.6291979268986521 0
1188 -0.5484595226462717 0
1189 -0.4622410921402122 0
1190 -0.3714041014380902 0
1191 -0.27685616372427263 0
1192 -0.17954197073898873 0
1193 -0.08043385373077966 0
1194 0.01947793175602438 0
1195 0.11919510018725629 0
1196 0.21772131057807897 0
1197 0.31407212160271597 0
1198 0.40728482780672554 0
1199 0.49642807864176763 0
1200 0.5806111842123143 0
1201 0.6589930147547527 0
1202 0.730790404927901 0
1203 0.7952859789421907 0
1204 0.8518353183414913 0
1205 0.8998734008192355 0
1206 0.9389202457345932 0
1207 0.9685857099203445 0
1208 0.9885733858644359 0
1209 0.9986835633158867 0
1210 0.9988152247235795 0
1211 0.9889670545702525 0
1212 0.9692374525167017 0
1213 0.9398235502249125 0
1214 0.9010192416836328 0
1215 0.8532122467168191 0
1216 0.7968802370152832 0
1217 0.7325860633990665 0
1218 0.6609721319981323 0
1219 0.5827539855426002 0
1220 0.4987131538963941 0
1221 0.40968934526910683 0
1222 0.31657205612916994 0
1223 0.22029168364921264 0
1224 0.12181022948496767 0
1225 0.0221116877728314 0
1226 -0.07780778661437877 0
1227 -0.17694983131758688 0
1228 -0.2743238517980932 0
1229 -0.36895691903085587 0
1230 -0.45990349068959124 0
1231 -0.5462548586932388 0
1232 -0.6271482287166843 0
1233 -0.7017753409464238 0
1234 -0.7693905459455223 0
1235 -0.8293182549362247 0
1236 -0.8809596900597733 0
1237 -0.9237988671668076 0
1238 -0.9574077513604116 0
1239 -0.981450533779352 0
1240 -0.9956869868891794 0
1241 -0.9999748647563702 0
1242 -0.994271324322658 0
1243 -0.978633353478718 0
1244 -0.9532172016599928 0
1245 -0.9182768186539993 0
1246 -0.8741613172179755 0
1247 -0.821311484859616 0
1248 -0.7602553796340287 0
1249 -0.691603053962145 0
1250 -0.6160404591886565 0
1251 -0.5343225917828572 0
1252 -0.44726594966351785 0
1253 -0.3557403740216194 0
1254 -0.260660358154617 0
1255 -0.1629759101518061 0
1256 -0.06366306072743184 0
1257 0.03628588895553506 0
1258 0.13587228203056428 0
1259 0.23410108417696315 0
1260 0.329990825673782 0
1261 0.42258340792093324 0
1262 0.510953676443654 0
1263 0.5942186647301672 0
1264 0.6715464165412833 0
1265 0.7421642985420401 0
1266 0.8053667201986658 0
1267 0.8605221838059177 0
1268 0.9070795942033888 0
1269 0.9445737651362344 0
1270 0.972630067242408 0
1271 0.9909681712254511 0
1272 0.9994048488121371 0
1273 0.9978558035088121 0
1274 0.9863365128641003 0
1275 0.9649620738223555 0
1276 0.933946052713032 0
1277 0.893598351366514 0
1278 0.8443221106774905 0
1279 0.7866096825543529 0
1280 0.7210377105017316 0
1281 0.6482613679891562 0
1282 0.5690078121743521 0
1283 0.4840689183892535 0
1284 0.39429336798354353 0
1285 0.3005781685810014 0
1286 0.2038596914759308 0
1287 0.10510431572068762 0
1288 0.005298772385602637 0
1289 -0.09455971453158975 0
1290 -0.19347339203846847 0
1291 -0.2904539473658996 0
1292 -0.3845323828625609 0
1293 -0.4747686978991912 0
1294 -0.5602612810440533 0
1295 -0.6401559186664806 0
1296 -0.7136543299570061 0
1297 -0.7800221430853594 0
1298 -0.8385962328010599 0
1299 -0.8887913461616549 0
1300 -0.9301059501867618 0
1301 -0.9621272430097539 0
1302 -0.9845352784575762 0
1303 -0.9971061628471479 0
1304 -0.9997142920570232 0
1305 -0.992333606522275 0
1306 -0.975037851613036 0
1307 -0.947999840795143 0
1308 -0.9114897289350986 0
1309 -0.8658723130019905 0
1310 -0.8116033871367004 0
1311 -0.7492251885075525 0
1312 -0.6793609794557579 0
1313 -0.6027088200641025 0
1314 -0.5200345933714359 0
1315 -0.4321643529223842 0
1316 -0.3399760691134747 0
1317 -0.24439085680313086 0
1318 -0.14636377183645888 0
1319 -0.04687426844305525 0
1320 0.05308358714605824 0
1321 0.15251104907950935 0
1322 0.2504146710240084 0
1323 0.34581623235174735 0
1324 0.4377625121974489 0
1325 0.5253348137263215 0
1326 0.6076581434490431 0
1327 0.6839099538674991 0
1328 0.7533283620975045 0
1329 0.8152197623506606 0
1330 0.8689657562142357 0
1331 0.9140293314836083 0
1332 0.9499602278107246 0
1333 0.9763994355566654 0
1334 0.9930827828972584 0
1335 0.9998435753406666 0
1336 0.9966142612836164 0
1337 0.9834271069646965 0
1338 0.9604138740707601 0
1339 0.9278045032177329 0
1340 0.8859248164599484 0
1341 0.8351932617839063 0
1342 0.7761167321143073 0
1343 0.7092855006074855 0
1344 0.6353673228372269 0
1345 0.5551007648016929 0
1346 0.4692878234161781 0
1347 0.3787859132250193 0
1348 0.28449929939886515 0
1349 0.18737006261610922 0
1350 0.08836868610400143 0
1351 -0.011515641108853485 0
1352 -0.11128490784231361 0
1353 -0.20994225256254098 0
1354 -0.3065019236928175 0
1355 -0.3999991289176214 0
1356 -0.4894996750684136 0
1357 -0.5741093022730025 0
1358 -0.6529826191046059 0
1359 -0.7253315494534498 0
1360 -0.7904332067228887 0
1361 -0.8476371166732333 0
1362 -0.8963717167453582 0
1363 -0.93615006692487 0
1364 -0.9665747150857267 0
1365 -0.9873416682005692 0
1366 -0.9982434297385161 0
1367 -0.9991710729019235 0
1368 -0.9901153289869367 0
1369 -0.9711666799933284 0
1370 -0.9425144545582509 0
1371 -0.9044449362470851 0
1372 -0.8573385031026864 0
1373 -0.8016658270337002 0
1374 -0.7379831710164991 0
1375 -0.6669268310993051 0
1376 -0.5892067787424675 0
1377 -0.5055995670183022 0
1378 -0.41694057154946135 0
1379 -0.3241156437119523 0
1380 -0.2280522595008612 0
1381 -0.1297102524968922 0
1382 -0.030072223526483286 0
1383 0.06986627716087508 0
1384 0.16910669710153436 0
1385 0.2666574588239974 0
1386 0.36154386736312805 0
1387 0.45281784909008 0
1388 0.5395674245506286 0
1389 0.6209258206623198 0
1390 0.6960801312247415 0
1391 0.7642794392094662 0
1392 0.8248423196748044 0
1393 0.8771636483385868 0
1394 0.9207206477799073 0
1395 0.9550781108583937 0
1396 0.9798927491600334 0
1397 0.9949166230215453 0
1398 0.9999996188615375 0
1399 0.9950909490657891 0
1400 0.9802396594403116 0
1401 0.9555941391618588 0
1402 0.9214006381223274 0
1403 0.8780008064812219 0
1404 0.825828281010248 0
1405 0.7654043523379563 0
1406 0.6973327563861453 0
1407 0.6222936420400873 0
1408 0.5410367753256706 0
1409 0.454374047995203 0
1410 0.363171365373259 0
1411 0.2683399945169984 0
1412 0.17082745913693329 0
1413 0.07160807225319418 0
1414 -0.028326798817989145 0
1415 -0.12797863787897792 0
1416 -0.2263517566943933 0
1417 -0.3224632435788615 0
1418 -0.41535278432569256 0
1419 -0.5040922573488912 0
1420 -0.5877950071674065 0
1421 -0.6656247035735025 0
1422 -0.7368036979677665 0
1423 -0.8006207933668756 0
1424 -0.8564383504486929 0
1425 -0.9036986586337072 0
1426 -0.941929508544715 0
1427 -0.9707489101668443 0
1428 -0.9898689095655183 0
1429 -0.9990984660269662 0
1430 -0.9983453608739179 0
1431 -0.9876171188841191 0
1432 -0.9670209331052465 0
1433 -0.9367625938173988 0
1434 -0.8971444323446802 0
1435 -0.8485623002604958 0
1436 -0.7915016141695129 0
1437 -0.7265325055853976 0
1438 -0.6543041243651686 0
1439 -0.5755381526184911 0
1440 -0.49102159389846933 0
1441 -0.401598909722374 0
1442 -0.308163581991283 0
1443 -0.21164918561424464 0
1444 -0.11302006053649512 0
1445 -0.013261676373330016 0
1446 0.08662921407643001 0
1447 0.18565453405494942 0
1448 0.2828248552984489 0
1449 0.3771692840772462 0
1450 0.4677451620451334 0
1451 0.5536474849698599 0
1452 0.634017945236295 0
1453 0.7080535077724182 0
1454 0.77501443371023 0
1455 0.8342316716121213 0
1456 0.8851135424115927 0
1457 0.927151651274926 0
1458 0.9599259673143185 0
1459 0.9831090203976341 0
1460 0.9964691731217737 0
1461 0.9998729352569972 0
1462 0.9932862975371832 0
1463 0.9767750714691693 0
1464 0.9505042317659508 0
1465 0.9147362679738538 0
1466 0.869828561763772 0
1467 0.8162298160916425 0
1468 0.7544755719068126 0
1469 0.6851828572039732 0
1470 0.6090440218832924 0
1471 0.5268198200191415 0
1472 0.43933180865683946 0
1473 0.34745413908620015 0
1474 0.2521048226109057 0
1475 0.15423655808285816 0
1476 0.05482721285027451 0
1477 -0.045129947769642034 0
1478 -0.14463618486944982 0
1479 -0.24269726502038003 0
1480 -0.3383333943242765 0
1481 -0.43058900819023616 0
1482 -0.5185423190201618 0
1483 -0.6013145264057628 0
1484 -0.6780785978116494 0
1485 -0.7480675320111867 0
1486 -0.8105820227091187 0
1487 -0.864997445778935 0
1488 -0.9107701003006812 0
1489 -0.9474426410407779 0
1490 -0.9746486480944947 0
1491 -0.9921162880324612 0
1492 -0.9996710299704513 0
1493 -0.9972373894242842 0
1494 -0.9848396825258439 0
1495 -0.9626017830643233 0
1496 -0.9307458847802698 0
1497 -0.8895902812791775 0
1498 -0.83954618574698 0
1499 -0.7811136222438849 0
1500 -0.7148764296291646 0
1501 -0.6414964280363205 0
1502 -0.5617068061850643 0
1503 -0.4763047956019667 0
1504 -0.38614370494667083 0
1505 -0.29212439403368673 0
1506 -0.19518627273900457 0
1507 -0.09629791472711816 0
1508 0.0035526202168914816 0
1509 0.10336765855400577 0
1510 0.20214988141565363 0
1511 0.2989122894840631 0
1512 0.39268806476321433 0
1513 0.48254023070469304 0
1514 0.5675710141675382 0
1515 0.6469308156708554 0
1516 0.7198266983108862 0
1517 0.7855303105244666 0
1518 0.8433851635371005 0
1519 0.8928131907817247 0
1520 0.933320523748862 0
1521 0.9645024265574488 0
1522 0.9860473399419885 0
1523 0.9977399942497462 0
1524 0.9994635603439498 0
1525 0.991200816921926 0
1526 0.9730343225846477 0
1527 0.9451455909384884 0
1528 0.9078132769712556 0
1529 0.8614103928237086 0
1530 0.8064005807754863 0
1531 0.7433334806847482 0
1532 0.6728392381683893 0
1533 0.5956222083953117 0
1534 0.5124539184024952 0
1535 0.42416535825174545 0
1536 0.3316386780517707 0
1537 0.23579837380587507 0
1538 0.1376020501534626 0
1539 0.038030852301134906 0
1540 -0.06192033725605731 0
1541 -0.16125283927152928 0
1542 -0.2589741562201021 0
1543 -0.35410788900522516 0
1544 -0.4457034928158865 0
1545 -0.5328457746563188 0
1546 -0.614664037651781 0
1547 -0.6903407807639447 0
1548 -0.759119866991057 0
1549 -0.820314078438841 0
1550 -0.8733119827746476 0
1551 -0.9175840424571318 0
1552 -0.9526879057003433 0
1553 -0.9782728263065565 0
1554 -0.9940831682063098 0
1555 -0.9999609596895538 0
1556 -0.9958474718067274 0
1557 -0.9817838051690175 0
1558 -0.9579104792846299 0
1559 -0.9244660285343425 0
1560 -0.8817846188147811 0
1561 -0.8302927086632653 0
1562 -0.7705047882250666 0
1563 -0.7030182386379241 0
1564 -0.6285073631972635 0
1565 -0.5477166499404489 0
1566 -0.4614533329684831 0
1567 -0.37057932682968847 0
1568 -0.27600261455442376 0
1569 -0.17866817538889246 0
1570 -0.0795485428747221 0
1571 0.020365912384600136 0
1572 0.12007687817945106 0
1573 0.21858807549969952 0
1574 0.31491521302513814 0
1575 0.4080958218391593 0
1576 0.49719887209990765 0
1577 0.5813340755827302 0
1578 0.6596607811458488 0
1579 0.7313963742385988 0
1580 0.7958240965274552 0
1581 0.8523002075082813 0
1582 0.9002604165486768 0
1583 0.9392255210934575 0
1584 0.9688061946981407 0
1585 0.9887068770501516 0
1586 0.9987287271097198 0
1587 0.9987716098638336 0
1588 0.9888350968421845 0
1589 0.9690184703983161 0
1590 0.9395197317131483 0
1591 0.9006336224326366 0
1592 0.852748679706673 0
1593 0.7963433540543008 0
1594 0.7319812288443485 0
1595 0.6603053891566091 0
1596 0.5820319962883598 0
1597 0.49794313210739644 0
1598 0.40887898474850626 0
1599 0.3157294537314569 0
1600 0.21942525837900473 0
1601 0.12092863837717682 0
1602 0.02122373939437752 0
1603 -0.07869322017684323 0
1604 -0.17782390310454876 0
1605 -0.27517782837320115 0
1606 -0.3697822677424452 0
1607 -0.46069196492617354 0
1608 -0.5469985802809008 0
1609 -0.6278397666351275 0
1610 -0.702407785577371 0
1611 -0.7699575781112704 0
1612 -0.8298142090388198 0
1613 -0.881379610689776 0
1614 -0.9241385586160692 0
1615 -0.9576638195442646 0
1616 -0.9816204201491457 0
1617 -0.9957689939964679 0
1618 -0.9999681732132452 0
1619 -0.9941760009888052 0
1620 -0.9784503507933796 0
1621 -0.9529483481255122 0
1622 -0.9179248005660191 0
1623 -0.8737296518248553 0
1624 -0.8208044852192935 0
1625 -0.7596781115193113 0
1626 -0.6909612852452259 0
1627 -0.6153406022104052 0
1628 -0.5335716392828346 0
1629 -0.44647140491090725 0
1630 -0.35491017584493534 0
1631 -0.2598028016196276 0
1632 -0.16209956367992512 0
1633 -0.06277668048289636 0
1634 0.037173446554277734 0
1635 0.13675214880138925 0
1636 0.23496446878192778 0
1637 0.3308291014593246 0
1638 0.4233881991125275 0
1639 0.5117169418337031 0
1640 0.5949327780232085 0
1641 0.672204242553337 0
1642 0.7427592644930534 0
1643 0.8058928813855426 0
1644 0.8609742829999781 0
1645 0.9074531141789384 0
1646 0.9448649738051421 0
1647 0.9728360549439209 0
1648 0.9910868797985499 0
1649 0.9994350921599922 0
1650 0.9977972794498907 0
1651 0.9861898061514561 0
1652 0.9647286503009656 0
1653 0.9336282446735521 0
1654 0.8931993342418353 0
1655 0.8438458713148201 0
1656 0.7860609793799876 0
1657 0.7204220259764048 0
1658 0.6475848538291052 0
1659 0.568277227885458 0
1660 0.48329156372825655 0
1661 0.3934770100212339 0
1662 0.2997309640962864 0
1663 0.20299010545594529 0
1664 0.10422103678152349 0
1665 0.004410625958475234 0
1666 -0.095443854381191 0
1667 -0.19434469127742413 0
1668 -0.29130370026025443 0
1669 -0.3853520989622577 0
1670 -0.47555018687189876 0
1671 -0.5609967345103085 0
1672 -0.6408379882183572 0
1673 -0.7142762005810239 0
1674 -0.7805776012557846 0
1675 -0.839079728563448 0
1676 -0.8891980485861886 0
1677 -0.9304317956372528 0
1678 -0.962368975746179 0
1679 -0.9846904831663288 0
1680 -0.9971732887740798 0
1681 -0.9996926685020664 0
1682 -0.9922234495408427 0
1683 -0.9748402618572675 0
1684 -0.9477167925165669 0
1685 -0.9111240502585628 0
1686 -0.8654276576679446 0
1687 -0.8110841979942587 0
1688 -0.7486366531229862 0
1689 -0.6787089782801025 0
1690 -0.6019998676776046 0
1691 -0.5192757733919722 0
1692 -0.43136324722835695 0
1693 -0.3391406820881416 0
1694 -0.24352953535753233 0
1695 -0.1454851220097925 0
1696 -0.04598706941391849 0
1697 0.05397047077823526 0
1698 0.15338875586666675 0
1699 0.2512744312100318 0
1700 0.3466494554970303 0
1701 0.43856087301177815 0
1702 0.5260903352523434 0
1703 0.6083632767654343 0
1704 0.6845576535152241 0
1705 0.7539121564757657 0
1706 0.8157338183790279 0
1707 0.8694049376147979 0
1708 0.9143892501009966 0
1709 0.9502372874570733 0
1710 0.9765908679435658 0
1711 0.9931866752955885 0
1712 0.9998588896919246 0
1713 0.9965408445718644 0
1714 0.9832656927454496 0
1715 0.9601660751415484 0
1716 0.9274727955035406 0
1717 0.8855125142746076 0
1718 0.8347044847145484 0
1719 0.7755563638598543 0
1720 0.7086591401823227 0
1721 0.6346812286276574 0
1722 0.5543617920342662 0
1723 0.46850335566248924 0
1724 0.3779637886275763 0
1725 0.2836477323549146 0
1726 0.1864975617020373 0
1727 0.08748396906053112 0
1728 -0.012403734481500839 0
1729 -0.11216750400869482 0
1730 -0.2108105329134813 0
1731 -0.3073472126580939 0
1732 -0.4008129806493082 0
1733 -0.4902739578290562 0
1734 -0.5748362796851744 0
1735 -0.6536550274502899 0
1736 -0.7259426702507478 0
1737 -0.7909769338548037 0
1738 -0.8481080173980106 0
1739 -0.8967650859785975 0
1740 -0.9364619742512132 0
1741 -0.9668020440302847 0
1742 -0.9874821473676728 0
1743 -0.9982956555067656 0
1744 -0.9991345234487015 0
1745 -0.9899903695023021 0
1746 -0.9709545590311445 0
1747 -0.942217291561054 0
1748 -0.904065700369302 0
1749 -0.8568809835438588 0
1750 -0.8011345951780408 0
1751 -0.7373835347570932 0
1752 -0.6662647818034433 0
1753 -0.5884889313878467 0
1754 -0.5048330940984223 0
1755 -0.41613313140840114 0
1756 -0.3232753040246726 0
1757 -0.2271874166637379 0
1758 -0.12882954773364666 0
1759 -0.02918445654801525 0
1760 0.07075223608034517 0
1761 0.16998199575337067 0
1762 0.267513351513406 0
1763 0.3623718022933034 0
1764 0.45360955380885126 0
1765 0.5403149886061247 0
1766 0.6216217746416355 0
1767 0.6967175213857673 0
1768 0.7648518969604243 0
1769 0.8253441252070565 0
1770 0.8775897877771157 0
1771 0.9210668632803222 0
1772 0.9553409431498583 0
1773 0.9800695721091777 0
1774 0.995005669871903 0
1775 0.9999999998864147 0
1776 0.9950026604581141 0
1777 0.9800635833506679 0
1778 0.9553320348843228 0
1779 0.9210551245162056 0
1780 0.8775753358042688 0
1781 0.8253271044248147 0
1782 0.7648324774348176 0
1783 0.6966958971502761 0
1784 0.621598161758473 0
1785 0.540289623007414 0
1786 0.45358268893926995 0
1787 0.36234370657774795 0
1788 0.26748430567497905 0
1789 0.1699522900084885 0
1790 0.07072216723899125 0
1791 -0.02921458804791757 0
1792 -0.1288594408281105 0
1793 -0.22721677267084472 0
1794 -0.3233038296289032 0
1795 -0.41616054159134735 0
1796 -0.5048591149865967 0
1797 -0.5885133029891362 0
1798 -0.6662872606048638 0
1799 -0.7374038961578914 0
1800 -0.8011526357338304 0
1801 -0.85689652299937 0
1802 -0.904078583459432 0
1803 -0.9422273895622247 0
1804 -0.9709617710474662 0
1805 -0.9899946234736917 0
1806 -0.999135776870883 0
1807 -0.9982938958559588 0
1808 -0.9874773922257271 0
1809 -0.9667943409090064 0
1810 -0.936451400117644 0
1811 -0.8967517464859845 0
1812 -0.8480920458301545 0
1813 -0.7909584897943313 0
1814 -0.7259219379846142 0
1815 -0.6536322141284454 0
1816 -0.5748116132507897 0
1817 -0.49024768474099 0
1818 -0.40078536341957177 0
1819 -0.30731852722891767 0
1820 -0.21078106590019152 0
1821 -0.11213754983594776 0
1822 -0.012373592441489032 0
1823 0.08751399779850749 0
1824 0.18652717710075456 0
1825 0.2836766385070983 0
1826 0.37799169671250893 0
1827 0.4685299868318114 0
1828 0.5543868801981371 0
1829 0.6347045231134366 0
1830 0.7086804082392084 0
1831 0.7755753929844524 0
1832 0.8347210847741363 0
1833 0.885526519406877 0
1834 0.9274840657738394 0
1835 0.9601744979410612 0
1836 0.9832711839163479 0
1837 0.9965433492481837 0
1838 0.999858382847767 0
1839 0.9931831619951732 0
1840 0.9765843832906294 0
1841 0.9502278962441244 0
1842 0.9143770461619306 0
1843 0.8693900428873398 0
1844 0.815716381686371 0
1845 0.7538923520395793 0
1846 0.684535679214888 0
1847 0.6083393521608936 0
1848 0.5260646993903384 0
1849 0.4385337820373679 0
1850 0.346621180094276 0
1851 0.25124525389741115 0
1852 0.15335896817424274 0
1853 0.053940370334784105 0
1854 -0.04601718185471573 0
1855 -0.14551494557438124 0
1856 -0.24355877205871354 0
1857 -0.33916903980246144 0
1858 -0.4313904426149078 0
1859 -0.5193015347234411 0
1860 -0.6020239375552833 0
1861 -0.6787311162057295 0
1862 -0.7486566379017265 0
1863 -0.8111018299448093 0
1864 -0.8654427606176839 0
1865 -0.9111364733038093 0
1866 -0.9477264115303591 0
1867 -0.9748469807295992 0
1868 -0.9922272011389626 0
1869 -0.999693415341246 0
1870 -0.997171023392149 0
1871 -0.984685228198235 0
1872 -0.9623607836978263 0
1873 -0.9304207483608805 0
1874 -0.8891842564625304 0
1875 -0.8390633293988445 0
1876 -0.7805587589052676 0
1877 -0.7142551033111314 0
1878 -0.6408148468260361 0
1879 -0.5609717802167011 0
1880 -0.47552366901205834 0
1881 -0.38532428249387396 0
1882 -0.29127486311628464 0
1883 -0.19431512158907852 0
1884 -0.09541384759902108 0
1885 0.0044407700166209495 0
1886 0.10425101692618031 0
1887 0.2030196221354179 0
1888 0.29975972238967047 0
1889 0.39350472258516817 0
1890 0.48331795366796265 0
1891 0.5683020315213818 0
1892 0.6476078233315156 0
1893 0.7204429318416263 0
1894 0.7860796127235257 0
1895 0.8438620459584654 0
1896 0.8932128885738949 0
1897 0.9336390432636208 0
1898 0.9647365852531008 0
1899 0.9861947981822392 0
1900 0.9977992786806003 0
1901 0.9994340786149757 0
1902 0.9910828636048141 0
1903 0.972829076229946 0
1904 0.9448551022999314 0
1905 0.9074404485153089 0
1906 0.8609589497290541 0
1907 0.8058750337122984 0
1908 0.7427390807455406 0
1909 0.6721819244008889 0
1910 0.594908548461427 0
1911 0.51169104295636 0
1912 0.42336088969264457 0
1913 0.33080065436359785 0
1914 0.23493516824433433 0
1915 0.13672228758321528 0
1916 0.03714332301894444 0
1917 -0.06280676535098145 0
1918 -0.16212930928270483 0
1919 -0.2598319107488715 0
1920 -0.3549383576518463 0
1921 -0.44649837781218626 0
1922 -0.5335971337741682 0
1923 -0.6153643635592632 0
1924 -0.690983076036065 0
1925 -0.7596977140257526 0
1926 -0.8208217035795724 0
1927 -0.8737443139988074 0
1928 -0.917936760054049 0
1929 -0.9529574854323688 0
1930 -0.9784565746221131 0
1931 -0.9941792491529762 0
1932 -0.9999684132582711 0
1933 -0.9957662235238981 0
1934 -0.9816146668406265 0
1935 -0.9576551408849527 0
1936 -0.9241270413202597 0
1937 -0.8813653698344815 0
1938 -0.8297973869139591 0
1939 -0.7699383427979545 0
1940 -0.7023863292684921 0
1941 -0.6278163037150314 0
1942 -0.5469733451833293 0
1943 -0.46066520979188 0
1944 -0.36975425989988736 0
1945 -0.2751488476674837 0
1946 -0.17779423910130351 0
1947 -0.07866316926898495 0
1948 0.021253876948110987 0
1949 0.12095856145231074 0
1950 0.21945466799406363 0
1951 0.3157580560352886 0
1952 0.4089064939563456 0
1953 0.49796927335633195 0
1954 0.5820565083836733 0
1955 0.6603280271815468 0
1956 0.7320017666072484 0
1957 0.7963615863486249 0
1958 0.8527644243613632 0
1959 0.9006467221323077 0
1960 0.9395300555699313 0
1961 0.9690259152596469 0
1962 0.9888395883214693 0
1963 0.9987731030836963 0
1964 0.9987272071504011 0
1965 0.9887023590985824 0
1966 0.9687987238961998 0
1967 0.9392151720869283 0
1968 0.9002472927414118 0
1969 0.8522844400290243 0
1970 0.7958058429196471 0
1971 0.7313758168862549 0
1972 0.6596381254512382 0
1973 0.5813095479140646 0
1974 0.49717271752954467 0
1975 0.4080683016949204 0
1976 0.31488660227920756 0
1977 0.21855866002119317 0
1978 0.12004695187810671 0
1979 0.020335774274128506 0
1980 -0.07957859166428352 0
1981 -0.17869783461997116 0
1982 -0.2760315878817869 0
1983 -0.3706073247614263 0
1984 -0.4614800757585166 0
1985 -0.54774187038366 0
1986 -0.6285308092993205 0
1987 -0.7030396761331253 0
1988 -0.7705240029170465 0
1989 -0.830309508565173 0
1990 -0.8817988360675502 0
1991 -0.9244775210838827 0
1992 -0.9579191323011853 0
1993 -0.9817895321945069 0
1994 -0.9958502156186053 0
1995 -0.9999606928725588 0
1996 -0.9940798934263892 0
1997 -0.9782665762842288 0
1998 -0.9526787428837655 0
1999 -0.9175720583981383 0
2000 -0.8732972972139946 0
2001 -0.820296838109796 0
2002 -0.7591002441532891 0
2003 -0.6903189714823623 0
2004 -0.6146402598375166 0
2005 -0.5328202658894324 0
2006 -0.44567650797154496 0
2007 -0.35407969770707304 0
2008 -0.2589450401462718 0
2009 -0.16122308934020593 0
2010 -0.06189025071872073 0
2011 0.03806097482974895 0
2012 0.13763190769900538 0
2013 0.23582766804162109 0
2014 0.3316671162793998 0
2015 0.42419265632588754 0
2016 0.512479803569817 0
2017 0.5956464220197779 0
2018 0.6728615383154682 0
2019 0.7433536445387416 0
2020 0.8064184068658303 0
2021 0.8614257030380011 0
2022 0.9078259183348962 0
2023 0.9451554371431504 0
2024 0.9730412752503088 0
2025 0.9912048065798491 0
2026 0.9994645471307919 0
2027 0.9977379683058591 0
2028 0.986042321509934 0
2029 0.9644944657797411 0
2030 0.9333097001669604 0
2031 0.8927996125412818 0
2032 0.8433689663074065 0
2033 0.7855116561428864 0
2034 0.7198057731658344 0
2035 0.6469078288394643 0
2036 0.5675461953266286 0
2037 0.48251382783591934 0
2038 0.39266034167531366 0
2039 0.29888352317696576 0
2040 0.2021203593127912 0
2041 0.10333767563047142 0
2042 0.0035224760521460983 0
2043 -0.09632791894254478 0
2044 -0.19521583721290997 0
2045 -0.29215322336762034 0
2046 -0.38617151108745773 0
2047 -0.4763313007198396 0
