0 0.0 0
1 0.09983341664682815 0
2 0.19866933079506122 0
3 0.29552020666133955 0
4 0.3894183423086505 0
5 0.479425538604203 0
6 0.5646424733950354 0
7 0.644217687237691 0
8 0.7173560908995228 0
9 0.7833269096274834 0
10 0.8414709848078965 0
11 0.8912073600614354 0
12 0.9320390859672263 0
13 0.963558185417193 0
14 0.9854497299884601 0
15 0.9974949866040544 0
16 0.9995736030415051 0
17 0.9916648104524686 0
18 0.9738476308781951 0
19 0.9463000876874145 0
20 0.9092974268256817 0
21 0.8632093666488737 0
22 0.8084964038195901 0
23 0.7457052121767203 0
24 0.675463180551151 0
25 0.5984721441039565 0
26 0.5155013718214642 0
27 0.4273798802338298 0
28 0.3349881501559051 0
29 0.23924932921398243 0
30 0.1411200080598672 0
31 0.04158066243329049 0
32 -0.058374143427580086 0
33 -0.1577456941432482 0
34 -0.2555411020268312 0
35 -0.35078322768961984 0
36 -0.44252044329485246 0
37 -0.5298361409084934 0
38 -0.6118578909427189 0
39 -0.6877661591839738 0
40 -0.7568024953079282 0
41 -0.8182771110644103 0
42 -0.8715757724135882 0
43 -0.9161659367494549 0
44 -0.951602073889516 0
45 -0.977530117665097 0
46 -0.9936910036334644 0
47 -0.9999232575641008 0
48 -0.9961646088358407 0
49 -0.9824526126243325 0
50 -0.9589242746631385 0
51 -0.9258146823277325 0
52 -0.8834546557201531 0
53 -0.8322674422239013 0
54 -0.7727644875559871 0
55 -0.7055403255703919 0
56 -0.6312666378723216 0
57 -0.5506855425976376 0
58 -0.46460217941375737 0
59 -0.373876664830236 0
60 -0.27941549819892586 0
61 -0.18216250427209588 0
62 -0.0830894028174964 0
63 0.016813900484349713 0
64 0.11654920485049364 0
65 0.21511998808781552 0
66 0.31154136351337786 0
67 0.4048499206165983 0
68 0.49411335113860816 0
69 0.5784397643882001 0
70 0.6569865987187891 0
71 0.7289690401258759 0
72 0.7936678638491531 0
73 0.8504366206285644 0
74 0.8987080958116269 0
75 0.9379999767747389 0
76 0.9679196720314863 0
77 0.9881682338770004 0
78 0.998543345374605 0
79 0.998941341839772 0
80 0.9893582466233818 0
81 0.9698898108450863 0
82 0.9407305566797731 0
83 0.9021718337562933 0
84 0.8545989080882804 0
85 0.7984871126234903 0
86 0.7343970978741133 0
87 0.6629692300821833 0
88 0.5849171928917617 0
89 0.5010208564578846 0
90 0.4121184852417566 0
91 0.3190983623493521 0
92 0.22288991410024764 0
93 0.1244544235070617 0
94 0.024775425453357765 0
95 -0.0751511204618093 0
96 -0.17432678122297965 0
97 -0.27176062641094245 0
98 -0.3664791292519284 0
99 -0.45753589377532133 0
100 -0.5440211108893698 0
101 -0.6250706488928821 0
102 -0.6998746875935423 0
103 -0.7676858097635825 0
104 -0.8278264690856537 0
105 -0.87969575997167 0
106 -0.9227754216128066 0
107 -0.9566350162701879 0
108 -0.9809362300664916 0
109 -0.9954362533063774 0
110 -0.9999902065507035 0
111 -0.9945525882039892 0
112 -0.9791777291513174 0
113 -0.954019249902089 0
114 -0.9193285256646757 0
115 -0.8754521746884285 0
116 -0.8228285949687089 0
117 -0.7619835839190333 0
118 -0.6935250847771224 0
119 -0.6181371122370333 0
120 -0.5365729180004349 0
121 -0.44964746453460147 0
122 -0.3582292822368287 0
123 -0.26323179136580094 0
124 -0.1656041754483094 0
125 -0.06632189735120068 0
126 0.033623047221136695 0
127 0.13323204141994222 0
