0 0.0 0
1 0.09983341664682815 0
2 0.19866933079506122 0
3 0.29552020666133955 0
4 0.3894183423086505 0
5 0.479425538604203 0
6 0.5646424733950354 0
7 0.644217687237691 0
8 0.7173560908995228 0
9 0.7833269096274834 0
10 0.8414709848078965 0
11 0.8912073600614354 0
12 0.9320390859672263 0
13 0.963558185417193 0
14 0.9854497299884601 0
15 0.9974949866040544 0
16 0.9995736030415051 0
17 0.9916648104524686 0
18 0.9738476308781951 0
19 0.9463000876874145 0
20 0.9092974268256817 0
21 0.8632093666488737 0
22 0.8084964038195901 0
23 0.7457052121767203 0
24 0.675463180551151 0
25 0.5984721441039565 0
26 0.5155013718214642 0
27 0.4273798802338298 0
28 0.3349881501559051 0
29 0.23924932921398243 0
30 0.1411200080598672 0
31 0.04158066243329049 0
