0 0.0 0
1 0.09983341664682815 0
2 0.19866933079506122 0
3 0.29552020666133955 0
4 0.3894183423086505 0
5 0.479425538604203 0
6 0.5646424733950354 0
7 0.644217687237691 0
8 0.7173560908995228 0
9 0.7833269096274834 0
10 0.8414709848078965 0
11 0.8912073600614354 0
12 0.9320390859672263 0
13 0.963558185417193 0
14 0.9854497299884601 0
15 0.9974949866040544 0
16 0.9995736030415051 0
17 0.9916648104524686 0
18 0.9738476308781951 0
19 0.9463000876874145 0
20 0.9092974268256817 0
21 0.8632093666488737 0
22 0.8084964038195901 0
23 0.7457052121767203 0
24 0.675463180551151 0
25 0.5984721441039565 0
26 0.5155013718214642 0
27 0.4273798802338298 0
28 0.3349881501559051 0
29 0.23924932921398243 0
30 0.1411200080598672 0
31 0.04158066243329049 0
32 -0.058374143427580086 0
33 -0.1577456941432482 0
34 -0.2555411020268312 0
35 -0.35078322768961984 0
36 -0.44252044329485246 0
37 -0.5298361409084934 0
38 -0.6118578909427189 0
39 -0.6877661591839738 0
40 -0.7568024953079282 0
41 -0.8182771110644103 0
42 -0.8715757724135882 0
43 -0.9161659367494549 0
44 -0.951602073889516 0
45 -0.977530117665097 0
46 -0.9936910036334644 0
47 -0.9999232575641008 0
48 -0.9961646088358407 0
49 -0.9824526126243325 0
50 -0.9589242746631385 0
51 -0.9258146823277325 0
52 -0.8834546557201531 0
53 -0.8322674422239013 0
54 -0.7727644875559871 0
55 -0.7055403255703919 0
56 -0.6312666378723216 0
57 -0.5506855425976376 0
58 -0.46460217941375737 0
59 -0.373876664830236 0
60 -0.27941549819892586 0
61 -0.18216250427209588 0
62 -0.0830894028174964 0
63 0.016813900484349713 0
64 0.11654920485049364 0
65 0.21511998808781552 0
66 0.31154136351337786 0
67 0.4048499206165983 0
68 0.49411335113860816 0
69 0.5784397643882001 0
70 0.6569865987187891 0
71 0.7289690401258759 0
72 0.7936678638491531 0
73 0.8504366206285644 0
74 0.8987080958116269 0
75 0.9379999767747389 0
76 0.9679196720314863 0
77 0.9881682338770004 0
78 0.998543345374605 0
79 0.998941341839772 0
80 0.9893582466233818 0
81 0.9698898108450863 0
82 0.9407305566797731 0
83 0.9021718337562933 0
84 0.8545989080882804 0
85 0.7984871126234903 0
86 0.7343970978741133 0
87 0.6629692300821833 0
88 0.5849171928917617 0
89 0.5010208564578846 0
90 0.4121184852417566 0
91 0.3190983623493521 0
92 0.22288991410024764 0
93 0.1244544235070617 0
94 0.024775425453357765 0
95 -0.0751511204618093 0
96 -0.17432678122297965 0
97 -0.27176062641094245 0
98 -0.3664791292519284 0
99 -0.45753589377532133 0
100 -0.5440211108893698 0
101 -0.6250706488928821 0
102 -0.6998746875935423 0
103 -0.7676858097635825 0
104 -0.8278264690856537 0
105 -0.87969575997167 0
106 -0.9227754216128066 0
107 -0.9566350162701879 0
108 -0.9809362300664916 0
109 -0.9954362533063774 0
110 -0.9999902065507035 0
111 -0.9945525882039892 0
112 -0.9791777291513174 0
113 -0.954019249902089 0
114 -0.9193285256646757 0
115 -0.8754521746884285 0
116 -0.8228285949687089 0
117 -0.7619835839190333 0
118 -0.6935250847771224 0
119 -0.6181371122370333 0
120 -0.5365729180004349 0
121 -0.44964746453460147 0
122 -0.3582292822368287 0
123 -0.26323179136580094 0
124 -0.1656041754483094 0
125 -0.06632189735120068 0
126 0.033623047221136695 0
127 0.13323204141994222 0
128 0.23150982510153895 0
129 0.32747443913769303 0
130 0.4201670368266409 0
131 0.5086614643723737 0
132 0.592073514707223 0
133 0.6695697621966024 0
134 0.7403758899524486 0
135 0.803784426551621 0
136 0.8591618148564958 0
137 0.9059547423084618 0
138 0.9436956694441048 0
139 0.9720075013949759 0
140 0.9906073556948704 0
141 0.9993093887479176 0
142 0.9980266527163617 0
143 0.9867719642746133 0
144 0.9656577765492774 0
145 0.934895055524683 0
146 0.8947911721405042 0
147 0.8457468311429343 0
148 0.7882520673753163 0
149 0.722881349511976 0
150 0.6502878401571168 0
151 0.5711968696599886 0
152 0.48639868885379967 0
153 0.39674057313061206 0
154 0.30311835674570226 0
155 0.2064674819377966 0
156 0.10775365229944406 0
157 0.007963183785937343 0
158 -0.09190685022768164 0
159 -0.19085858137418937 0
160 -0.2879033166650653 0
161 -0.3820714171840091 0
162 -0.47242198639846616 0
163 -0.5580522712867794 0
164 -0.6381066823479474 0
165 -0.711785342369123 0
166 -0.7783520785342984 0
167 -0.8371417780197468 0
168 -0.8875670335815046 0
169 -0.9291240127343684 0
170 -0.9613974918795568 0
171 -0.9840650050816434 0
172 -0.9969000660415961 0
173 -0.9997744310730111 0
174 -0.9926593804706332 0
175 -0.9756260054681576 0
176 -0.948844497918124 0
177 -0.9125824497911845 0
178 -0.8672021794855813 0
179 -0.8131571116614885 0
180 -0.750987246771676 0
181 -0.6813137655554999 0
182 -0.6048328224062841 0
183 -0.5223085896267315 0
184 -0.43456562207189675 0
185 -0.34248061846961253 0
186 -0.2469736617366209 0
187 -0.1489990258141988 0
188 -0.04953564087836742 0
189 0.05042268780681122 0
190 0.14987720966295234 0
191 0.24783420798295983 0
192 0.3433149288198954 0
193 0.4353653603728932 0
194 0.5230657651576964 0
195 0.605539869719601 0
196 0.6819636200681356 0
197 0.7515734153521483 0
198 0.8136737375071054 0
199 0.8676441006416673 0
200 0.9129452507276277 0
201 0.9491245536478946 0
202 0.9758205177669755 0
203 0.9927664058359071 0
204 0.9997929001426692 0
205 0.9968297942787993 0
206 0.9839066946186161 0
207 0.9611527245021165 0
208 0.9287952340772404 0
209 0.8871575286923511 0
210 0.8366556385360561 0
211 0.7777941618010928 0
212 0.7111612229059824 0
213 0.6374225961502389 0
214 0.5573150535176614 0
215 0.47163900309419615 0
216 0.3812504916549401 0
217 0.28705265132772845 0
218 0.18998667579543774 0
219 0.09102241619984787 0
220 -0.008851309290403876 0
221 -0.10863659542407976 0
222 -0.20733642060675878 0
223 -0.30396460881104703 0
224 -0.3975556831214329 0
225 -0.4871745124605095 0
226 -0.5719256551095638 0
227 -0.6509623056662469 0
228 -0.723494756044245 0
229 -0.7887982859754165 0
230 -0.8462204041751706 0
231 -0.8951873678196818 0
232 -0.9352099151945389 0
233 -0.9658881542360704 0
234 -0.9869155581206487 0
235 -0.9980820279793963 0
236 -0.9992759921366277 0
237 -0.9904855208971565 0
238 -0.9717984457438633 0
239 -0.9434014817545555 0
240 -0.9055783620066239 0
241 -0.8587070026099295 0
242 -0.8032557266939547 0
243 -0.7397785850778934 0
244 -0.6689098203780243 0
245 -0.5913575298651244 0
246 -0.5078965903906221 0
247 -0.41936091607323134 0
248 -0.32663512610472223 0
249 -0.23064570592739567 0
250 -0.13235175009777303 0
251 -0.03273537933084532 0
252 0.06720807252547492 0
253 0.16648000353715925 0
254 0.2640885213844694 0
255 0.3590583540221683 0
